0.999950 0.000010 0.000010 0.000010 0.000010 0.000010
0.077962 0.073162 0.017812 0.000010 0.073965 0.757089
0.629544 0.000010 0.000010 0.000010 0.362882 0.007544
0.000010 0.000010 0.000010 0.667872 0.015620 0.316478
0.000010 0.000010 0.000010 0.000010 0.274234 0.725726
0.000010 0.139782 0.051379 0.000010 0.484916 0.323904
0.021394 0.578632 0.000010 0.103342 0.296612 0.000010
0.000010 0.000010 0.000010 0.999950 0.000010 0.000010
0.000010 0.000010 0.000010 0.999950 0.000010 0.000010
0.554953 0.387062 0.000010 0.000010 0.003127 0.054838
0.000010 0.218255 0.000010 0.760744 0.020971 0.000010
0.000010 0.000010 0.000010 0.000010 0.431216 0.568744
0.622040 0.177493 0.000010 0.000010 0.091653 0.108794
0.856206 0.010901 0.000010 0.000010 0.000010 0.132863
0.999950 0.000010 0.000010 0.000010 0.000010 0.000010
0.000010 0.613976 0.066574 0.069982 0.247740 0.001718
0.093159 0.032094 0.528714 0.172961 0.173061 0.000010
0.000010 0.843674 0.133852 0.000010 0.014124 0.008330
0.836952 0.027583 0.000010 0.000010 0.133232 0.002212
0.000010 0.235397 0.062092 0.000010 0.231928 0.470562
0.383947 0.333272 0.267390 0.015371 0.000010 0.000010
0.005400 0.327822 0.000010 0.000010 0.218256 0.448502
0.000010 0.000010 0.301453 0.000010 0.364537 0.333980
0.000010 0.000010 0.000010 0.825239 0.174721 0.000010
0.109929 0.000010 0.525774 0.187130 0.177147 0.000010
0.000010 0.000010 0.000014 0.000010 0.000010 0.999946
0.000010 0.000010 0.000010 0.000010 0.340785 0.659175
0.887512 0.000010 0.000010 0.000010 0.106636 0.005823
0.792381 0.000010 0.000010 0.079407 0.128182 0.000010
0.350968 0.307974 0.125128 0.017398 0.125902 0.072629
0.000010 0.000010 0.999950 0.000010 0.000010 0.000010
0.779734 0.008180 0.000011 0.000010 0.190978 0.021088
0.000018 0.000010 0.501959 0.000010 0.000010 0.497993
0.697795 0.099313 0.000010 0.202862 0.000010 0.000010
0.619806 0.378047 0.000010 0.000010 0.002117 0.000010
0.000010 0.000010 0.000010 0.999950 0.000010 0.000010
0.160345 0.000010 0.839615 0.000010 0.000010 0.000010
0.000010 0.000010 0.209997 0.000010 0.350401 0.439572
0.000010 0.343673 0.000010 0.027291 0.040757 0.588259
0.151556 0.283218 0.000010 0.408610 0.156597 0.000010
0.000010 0.000010 0.087544 0.016450 0.534175 0.361811
0.000010 0.000012 0.000010 0.000010 0.000010 0.999948
0.000010 0.190274 0.000010 0.000010 0.000010 0.809686
0.559635 0.331044 0.000010 0.105167 0.004134 0.000010
0.000010 0.000010 0.000010 0.999950 0.000010 0.000010
0.000010 0.408002 0.591958 0.000010 0.000010 0.000010
0.522032 0.011809 0.122231 0.212059 0.131859 0.000010
0.250599 0.000010 0.000010 0.000010 0.000010 0.749361
0.999950 0.000010 0.000010 0.000010 0.000010 0.000010
0.171183 0.414221 0.007673 0.278638 0.068433 0.059852
0.000010 0.000010 0.000010 0.000010 0.636583 0.363376
0.000010 0.000010 0.000010 0.000010 0.000010 0.999950
0.830416 0.021619 0.000010 0.000010 0.000010 0.147935
0.077997 0.503420 0.045610 0.214197 0.102896 0.055880
0.220814 0.269424 0.000010 0.031637 0.412015 0.066101
0.092413 0.058515 0.280102 0.321074 0.247886 0.000010
0.000010 0.516241 0.128138 0.056332 0.000010 0.299270
0.698722 0.070209 0.000010 0.000010 0.231039 0.000010
0.000010 0.230254 0.000010 0.769706 0.000010 0.000010
0.000010 0.000010 0.000015 0.000010 0.000010 0.999945
0.673570 0.024407 0.000010 0.075003 0.113409 0.113601
0.000010 0.000010 0.000010 0.000010 0.000010 0.999950
0.000010 0.041521 0.023810 0.000010 0.462185 0.472464
0.525516 0.451900 0.000010 0.022554 0.000010 0.000010
0.515881 0.462482 0.000010 0.021607 0.000010 0.000010
0.065530 0.345653 0.021793 0.010292 0.000010 0.556722
0.000010 0.000010 0.000010 0.999950 0.000010 0.000010
0.000010 0.051461 0.006665 0.000010 0.562579 0.379275
0.000010 0.000010 0.999950 0.000010 0.000010 0.000010
0.057755 0.377025 0.000010 0.000010 0.000010 0.565190
0.556593 0.000010 0.443367 0.000010 0.000010 0.000010
0.385764 0.000010 0.512196 0.000010 0.000010 0.102010
0.650955 0.331502 0.000010 0.000010 0.000010 0.017513
0.000010 0.000010 0.691931 0.012626 0.295413 0.000010
0.000010 0.000010 0.519034 0.480926 0.000010 0.000010
0.000010 0.000010 0.000010 0.000010 0.935240 0.064720
0.080525 0.000010 0.222336 0.000010 0.649883 0.047236
0.132740 0.241879 0.000010 0.181010 0.436697 0.007664
0.000010 0.000012 0.999948 0.000010 0.000010 0.000010
0.050829 0.040252 0.000010 0.611285 0.297614 0.000010
0.784569 0.000010 0.000010 0.063038 0.043645 0.108728
0.316998 0.067205 0.040032 0.337693 0.238063 0.000010
0.000010 0.163853 0.075322 0.000010 0.494224 0.266581
0.000010 0.498735 0.000010 0.000010 0.000010 0.501225
0.000010 0.000010 0.573284 0.426676 0.000010 0.000010
0.103623 0.104809 0.032195 0.000010 0.024082 0.735281
0.999950 0.000010 0.000010 0.000010 0.000010 0.000010
0.240604 0.000010 0.479424 0.000010 0.164759 0.115193
0.099692 0.506474 0.103304 0.000010 0.278020 0.012499
0.999950 0.000010 0.000010 0.000010 0.000010 0.000010
0.121737 0.251620 0.010677 0.431137 0.168183 0.016647
0.000010 0.483291 0.019731 0.117678 0.034328 0.344962
0.000010 0.477189 0.000010 0.145330 0.000010 0.377451
0.000010 0.358475 0.000010 0.000010 0.129893 0.511602
0.623060 0.373707 0.000010 0.000010 0.000010 0.003202
0.999950 0.000010 0.000010 0.000010 0.000010 0.000010
0.000010 0.000010 0.677894 0.011635 0.310441 0.000010
0.000010 0.000010 0.000010 0.999949 0.000010 0.000010
0.000010 0.507094 0.000010 0.000010 0.000010 0.492866
0.000010 0.247604 0.034099 0.000010 0.239290 0.478988
0.000010 0.507850 0.492110 0.000010 0.000010 0.000010
0.185046 0.000010 0.020199 0.715499 0.077861 0.001384
0.000010 0.000010 0.000010 0.000010 0.000010 0.999950
0.111190 0.034619 0.028628 0.662164 0.135516 0.027883
0.062114 0.000010 0.086341 0.000010 0.037274 0.814251
0.000010 0.000010 0.000010 0.000010 0.999950 0.000010
0.080872 0.106492 0.432053 0.131018 0.249555 0.000010
0.099742 0.202770 0.362710 0.000010 0.172716 0.162052
0.000010 0.000010 0.000010 0.000010 0.000010 0.999950
0.000010 0.000010 0.000010 0.000010 0.999950 0.000010
0.098605 0.000010 0.090055 0.000010 0.238149 0.573171
0.000010 0.957571 0.000010 0.042389 0.000010 0.000010
0.707631 0.228488 0.000010 0.011104 0.027731 0.025037
0.078811 0.218939 0.000010 0.028238 0.081525 0.592477
0.000010 0.000010 0.215503 0.000010 0.368681 0.415786
0.471296 0.487513 0.000010 0.000010 0.041161 0.000010
0.167225 0.000010 0.794153 0.000010 0.000010 0.038592
0.000010 0.676221 0.024878 0.000010 0.051127 0.247754
0.207915 0.222637 0.032469 0.117675 0.419294 0.000010
0.380628 0.355659 0.060023 0.000010 0.120109 0.083571
0.152333 0.000010 0.847627 0.000010 0.000010 0.000010
0.855033 0.005409 0.000010 0.000010 0.000010 0.139528
0.000011 0.000010 0.000010 0.000010 0.000010 0.999949
0.999950 0.000010 0.000010 0.000010 0.000010 0.000010
0.325500 0.000010 0.035064 0.318209 0.175157 0.146060
0.000010 0.000010 0.999950 0.000010 0.000010 0.000010
0.231598 0.283787 0.000010 0.285181 0.190564 0.008859
0.000010 0.359491 0.000010 0.000010 0.128195 0.512284
0.337504 0.572857 0.053442 0.028673 0.007515 0.000010
0.000010 0.000010 0.000010 0.000010 0.000010 0.999950
0.047393 0.377367 0.376021 0.000010 0.173976 0.025233
0.000010 0.000010 0.000010 0.999950 0.000010 0.000010
0.000010 0.000010 0.637044 0.000010 0.000010 0.362916
0.359919 0.000010 0.000010 0.640041 0.000010 0.000010
0.692651 0.307309 0.000010 0.000010 0.000010 0.000010
0.999950 0.000010 0.000010 0.000010 0.000010 0.000010
0.595826 0.350078 0.000010 0.000010 0.025714 0.028362
0.526408 0.423382 0.000010 0.008673 0.041517 0.000010
0.000010 0.261743 0.098937 0.029930 0.256650 0.352731
0.720723 0.246287 0.000010 0.000010 0.005081 0.027889
0.000010 0.999950 0.000010 0.000010 0.000010 0.000010
0.756694 0.024633 0.035585 0.000010 0.179181 0.003897
0.087730 0.657937 0.098421 0.071094 0.000010 0.084809
0.249901 0.333344 0.000010 0.283863 0.111431 0.021451
0.049268 0.000010 0.000010 0.001244 0.000010 0.949457
0.209295 0.000010 0.133359 0.000010 0.649721 0.007605
0.000010 0.000010 0.104723 0.016062 0.546271 0.332923
0.000010 0.000010 0.000010 0.000010 0.638830 0.361130
0.670938 0.102092 0.000010 0.000010 0.190066 0.036883
0.333722 0.000010 0.000010 0.666238 0.000010 0.000010
0.659223 0.000010 0.000010 0.007136 0.333611 0.000010
0.000010 0.000010 0.000010 0.652424 0.015039 0.332507
0.024635 0.394763 0.231933 0.032047 0.134889 0.181733
0.536131 0.463829 0.000010 0.000010 0.000010 0.000010
0.079158 0.071005 0.019733 0.000010 0.067338 0.762755
0.000010 0.000010 0.000010 0.000010 0.632774 0.367186
0.660484 0.248475 0.000010 0.038416 0.052606 0.000010
0.133573 0.000010 0.030652 0.000010 0.130789 0.704967
0.000010 0.478483 0.521477 0.000010 0.000010 0.000010
0.000010 0.000010 0.999950 0.000010 0.000010 0.000010
0.939367 0.050609 0.009994 0.000010 0.000010 0.000010
0.000010 0.237007 0.000010 0.000010 0.312015 0.450948
0.000010 0.336124 0.000010 0.663836 0.000010 0.000010
0.422084 0.061053 0.000010 0.000010 0.237501 0.279342
0.085930 0.000010 0.000010 0.017033 0.221827 0.675191
0.000010 0.017220 0.000010 0.000010 0.781001 0.201749
0.367662 0.000010 0.632298 0.000010 0.000010 0.000010
0.000010 0.000010 0.177773 0.000010 0.415621 0.406575
0.066391 0.146946 0.000010 0.004324 0.344898 0.437431
0.000010 0.000010 0.000010 0.999950 0.000010 0.000010
0.000010 0.000010 0.000010 0.000010 0.629474 0.370486
0.322875 0.645497 0.000010 0.031598 0.000010 0.000010
0.450816 0.014200 0.352048 0.000010 0.129219 0.053707
0.000010 0.000010 0.690959 0.000010 0.309001 0.000010
0.349484 0.176832 0.005717 0.051666 0.262502 0.153799
0.000010 0.000010 0.189226 0.000010 0.407498 0.403246
0.000010 0.931595 0.000010 0.000010 0.000010 0.068365
0.069679 0.000010 0.110948 0.000010 0.423517 0.395836
0.537080 0.087906 0.141230 0.000010 0.206901 0.026872
0.785334 0.043200 0.000010 0.000010 0.110419 0.061028
0.000010 0.497847 0.502113 0.000010 0.000010 0.000010
0.020672 0.814387 0.000010 0.000010 0.077472 0.087449
0.000010 0.656044 0.057902 0.062890 0.223144 0.000010
0.000010 0.076079 0.063999 0.000010 0.527332 0.332570
0.798492 0.081613 0.045636 0.000010 0.074238 0.000010
0.535626 0.229045 0.084559 0.000011 0.150750 0.000010
0.115820 0.000010 0.710668 0.000010 0.083221 0.090271
0.000010 0.000010 0.484344 0.087767 0.329868 0.098002
0.000010 0.000010 0.516239 0.483721 0.000010 0.000010
0.000010 0.000010 0.016410 0.983550 0.000010 0.000010
0.332544 0.000010 0.000010 0.667416 0.000010 0.000010
0.049357 0.000010 0.002736 0.000010 0.312410 0.635476
0.008077 0.000010 0.000010 0.911684 0.000010 0.080210
0.962057 0.037903 0.000010 0.000010 0.000010 0.000010
0.954767 0.045193 0.000010 0.000010 0.000010 0.000010
0.999950 0.000010 0.000010 0.000010 0.000010 0.000010
0.647059 0.192883 0.045296 0.076061 0.038690 0.000010
0.622030 0.000010 0.377930 0.000010 0.000010 0.000010
0.617238 0.000010 0.382722 0.000010 0.000010 0.000010
0.364254 0.000010 0.635706 0.000010 0.000010 0.000010
0.439255 0.138693 0.002419 0.286965 0.132658 0.000010
0.478106 0.096575 0.019109 0.303099 0.050935 0.052177
0.551237 0.000010 0.000010 0.000010 0.448723 0.000010
0.538872 0.396282 0.000010 0.000010 0.021911 0.042916
0.635084 0.000010 0.000010 0.364876 0.000010 0.000010
0.263708 0.301737 0.243828 0.052982 0.043656 0.094089
0.999950 0.000010 0.000010 0.000010 0.000010 0.000010
0.046456 0.517354 0.000010 0.042244 0.060615 0.333321
0.976899 0.017357 0.000010 0.000010 0.005713 0.000010
0.619648 0.066142 0.030428 0.066606 0.217167 0.000010
0.545083 0.236808 0.002809 0.030454 0.184835 0.000010
0.000010 0.098230 0.000010 0.774656 0.000010 0.127084
0.000010 0.329884 0.062124 0.000010 0.047584 0.560388
0.000010 0.279305 0.008659 0.000010 0.110889 0.601127
0.130094 0.125450 0.164315 0.073539 0.283382 0.223219
0.000010 0.000010 0.540762 0.000010 0.355251 0.103958
0.000010 0.000010 0.999950 0.000010 0.000010 0.000010
0.000010 0.843630 0.000010 0.069681 0.086660 0.000010
0.999950 0.000010 0.000010 0.000010 0.000010 0.000010
0.630589 0.000010 0.000010 0.000010 0.369371 0.000010
0.000010 0.352662 0.000010 0.000010 0.000010 0.647298
0.080570 0.319212 0.057087 0.053804 0.061227 0.428101
0.898870 0.000010 0.035936 0.000010 0.000010 0.065164
0.000010 0.017185 0.129573 0.000010 0.512737 0.340485
0.138251 0.458809 0.133369 0.000010 0.145472 0.124088
0.000010 0.220159 0.166388 0.271801 0.332885 0.008757
0.000010 0.194657 0.000125 0.000010 0.000010 0.805188
0.000010 0.092341 0.000010 0.000010 0.000010 0.907619
0.000010 0.090370 0.000010 0.000010 0.000010 0.909590
0.000010 0.087885 0.000010 0.000010 0.000010 0.912075
0.000010 0.145826 0.000010 0.004382 0.000010 0.849762
0.000011 0.134106 0.000010 0.002227 0.000010 0.863636
0.000010 0.078261 0.000010 0.000010 0.000010 0.921699
0.000010 0.179791 0.000010 0.000010 0.069114 0.751065
0.000010 0.164797 0.000010 0.000010 0.075653 0.759520
0.000010 0.139632 0.000010 0.000010 0.058165 0.802173
0.000014 0.232974 0.000010 0.000010 0.050962 0.716030
0.000010 0.000012 0.000010 0.000010 0.000010 0.999948
0.000010 0.000016 0.000010 0.000010 0.000010 0.999944
0.000010 0.000010 0.000010 0.000010 0.000010 0.999950
0.504758 0.495202 0.000010 0.000010 0.000010 0.000010
0.523181 0.476779 0.000010 0.000010 0.000010 0.000010
0.474500 0.525460 0.000010 0.000010 0.000010 0.000010
0.499935 0.500025 0.000010 0.000010 0.000010 0.000010
0.482699 0.517261 0.000010 0.000010 0.000010 0.000010
0.630891 0.369069 0.000010 0.000010 0.000010 0.000010
0.479210 0.520750 0.000010 0.000010 0.000010 0.000010
0.427662 0.572298 0.000010 0.000010 0.000010 0.000010
0.000010 0.422655 0.000010 0.000010 0.199698 0.377617
0.000010 0.000010 0.999950 0.000010 0.000010 0.000010
0.056496 0.332142 0.045969 0.041138 0.000010 0.524245
0.000010 0.000010 0.243974 0.000010 0.325997 0.429998
0.048556 0.369852 0.072612 0.000010 0.320844 0.188127
0.320170 0.000010 0.003170 0.025238 0.518105 0.133307
0.000010 0.185445 0.100576 0.055890 0.509713 0.148365
0.000010 0.000010 0.557778 0.000010 0.102717 0.339475
0.793631 0.000010 0.065383 0.053665 0.087301 0.000010
0.000010 0.202018 0.000010 0.000010 0.591913 0.206039
0.217925 0.248663 0.122846 0.036745 0.294360 0.079461
0.000010 0.299985 0.699975 0.000010 0.000010 0.000010
0.000010 0.000010 0.999950 0.000010 0.000010 0.000010
0.000010 0.668635 0.028450 0.097312 0.142611 0.062982
0.178717 0.070352 0.206681 0.070937 0.408780 0.064534
0.039524 0.332077 0.122966 0.059602 0.348409 0.097422
0.000010 0.000010 0.090113 0.013104 0.531263 0.365500
0.000010 0.201516 0.000010 0.000010 0.592298 0.206156
0.000010 0.200177 0.000010 0.000010 0.593552 0.206241
0.000010 0.116884 0.000010 0.039216 0.843870 0.000010
0.003297 0.137545 0.000010 0.063875 0.795262 0.000010
0.000010 0.815556 0.000010 0.184404 0.000010 0.000010
0.078163 0.101699 0.067782 0.041874 0.628769 0.081713
0.077729 0.000010 0.218102 0.000010 0.659873 0.044275
0.000010 0.741176 0.011519 0.110603 0.021915 0.114777
0.066909 0.091047 0.105937 0.060926 0.629694 0.045486
0.000010 0.424239 0.000010 0.142818 0.420832 0.012091
0.099128 0.050317 0.114344 0.062923 0.582306 0.090982
0.023050 0.312465 0.071405 0.002458 0.516209 0.074413
0.036806 0.464744 0.000010 0.072962 0.342396 0.083083
0.017452 0.211211 0.033086 0.054531 0.538433 0.145287
0.689388 0.000010 0.054701 0.000010 0.165476 0.090415
0.074155 0.000010 0.248451 0.000010 0.623939 0.053435
0.000010 0.000010 0.160300 0.000010 0.528447 0.311222
0.078151 0.343835 0.006964 0.049817 0.000010 0.521224
0.695388 0.000010 0.000010 0.000010 0.304572 0.000010
0.910400 0.000010 0.023389 0.000010 0.000010 0.066181
0.027520 0.448740 0.000010 0.000010 0.248976 0.274744
0.000010 0.000010 0.999950 0.000010 0.000010 0.000010
0.000010 0.945325 0.000010 0.012983 0.000010 0.041662
0.000010 0.000010 0.000010 0.999950 0.000010 0.000010
0.927170 0.000010 0.000010 0.000010 0.065411 0.007389
0.070421 0.270084 0.076725 0.071573 0.097944 0.413254
0.636631 0.000010 0.000010 0.000010 0.363329 0.000010
0.136950 0.144912 0.155354 0.065230 0.272109 0.225446
0.171075 0.000010 0.104244 0.000010 0.121428 0.603233
0.084479 0.000010 0.000010 0.017614 0.217172 0.680715
0.204078 0.000010 0.165955 0.209568 0.200498 0.219891
0.272919 0.000010 0.315441 0.000010 0.261543 0.150077
0.000010 0.651301 0.088073 0.012232 0.055942 0.192441
0.000010 0.165706 0.000010 0.000010 0.834254 0.000010
0.262828 0.082451 0.154383 0.015234 0.280765 0.204338
0.137929 0.000010 0.076367 0.000614 0.113552 0.671528
0.169076 0.243434 0.172797 0.168865 0.245816 0.000010
0.157233 0.000010 0.075882 0.000010 0.766855 0.000010
0.000010 0.633509 0.000010 0.098772 0.267689 0.000010
