0.999940 0.000010 0.000010 0.000010 0.000010 0.000010 0.000010
0.033137 0.084250 0.000010 0.102995 0.752994 0.000010 0.026603
0.627828 0.366746 0.000010 0.000010 0.005386 0.000010 0.000010
0.000010 0.009038 0.669127 0.000010 0.321796 0.000010 0.000010
0.000010 0.282301 0.000010 0.000010 0.717649 0.000010 0.000010
0.000010 0.474256 0.000010 0.000010 0.317040 0.169240 0.039435
0.038894 0.235995 0.064108 0.000010 0.000010 0.660974 0.000010
0.000010 0.000010 0.999940 0.000010 0.000010 0.000010 0.000010
0.000010 0.000010 0.999940 0.000010 0.000010 0.000010 0.000010
0.519861 0.000010 0.000010 0.053562 0.051182 0.375365 0.000010
0.000010 0.000010 0.751770 0.000010 0.000010 0.248180 0.000010
0.000010 0.441690 0.000010 0.000010 0.558260 0.000010 0.000010
0.573706 0.094448 0.000010 0.061925 0.109941 0.159960 0.000010
0.737890 0.000010 0.000010 0.152402 0.109667 0.000010 0.000010
0.999940 0.000010 0.000010 0.000010 0.000010 0.000010 0.000010
0.000010 0.199905 0.056629 0.059165 0.000010 0.637278 0.047004
0.100570 0.154742 0.170282 0.000010 0.000010 0.043935 0.530451
0.002155 0.000010 0.000010 0.000010 0.000010 0.898662 0.099143
0.850177 0.112328 0.000010 0.000010 0.000010 0.037454 0.000010
0.000010 0.224606 0.000010 0.036051 0.459542 0.221163 0.058618
0.372394 0.000010 0.000010 0.023541 0.000010 0.350916 0.253120
0.000010 0.198334 0.000010 0.116821 0.429732 0.255084 0.000010
0.000010 0.369849 0.000010 0.000010 0.327533 0.000010 0.302577
0.000814 0.152176 0.801901 0.000010 0.000010 0.045079 0.000010
0.116805 0.163427 0.187781 0.000010 0.000010 0.000010 0.531957
0.000010 0.000010 0.000010 0.000010 0.999940 0.000010 0.000010
0.000010 0.351146 0.000010 0.000010 0.648804 0.000010 0.000010
0.888873 0.102303 0.000010 0.000010 0.008784 0.000010 0.000010
0.807631 0.110610 0.069400 0.000010 0.000010 0.012329 0.000010
0.357352 0.099989 0.000010 0.011173 0.076123 0.345945 0.109407
0.000010 0.000010 0.000010 0.000010 0.000010 0.000010 0.999940
0.740002 0.199394 0.000010 0.042500 0.018074 0.000010 0.000010
0.000010 0.000010 0.000010 0.000010 0.495308 0.000010 0.504642
0.623214 0.000010 0.197997 0.113418 0.000010 0.065341 0.000010
0.605742 0.000010 0.000010 0.027908 0.000010 0.366310 0.000010
0.000010 0.000010 0.999940 0.000010 0.000010 0.000010 0.000010
0.150236 0.000010 0.000010 0.000010 0.000010 0.000010 0.849714
0.000010 0.364986 0.000010 0.000010 0.428269 0.000010 0.206705
0.000010 0.002766 0.011816 0.000010 0.598068 0.387320 0.000010
0.159971 0.127794 0.390258 0.000010 0.000010 0.321948 0.000010
0.000010 0.546814 0.012046 0.001188 0.350350 0.000010 0.089582
0.000010 0.000010 0.000010 0.000010 0.999940 0.000010 0.000010
0.000010 0.000010 0.000010 0.000010 0.808690 0.191260 0.000010
0.559836 0.000010 0.081284 0.000010 0.000010 0.358840 0.000010
0.000010 0.000010 0.965940 0.000010 0.000010 0.034010 0.000010
0.000010 0.000010 0.000010 0.000010 0.000010 0.426034 0.573916
0.488280 0.126306 0.205611 0.052391 0.000010 0.000010 0.127393
0.250551 0.000010 0.000010 0.000010 0.749399 0.000010 0.000010
0.999940 0.000010 0.000010 0.000010 0.000010 0.000010 0.000010
0.192837 0.029698 0.247305 0.000010 0.046431 0.483709 0.000010
0.000010 0.646273 0.000010 0.000010 0.353677 0.000010 0.000010
0.000010 0.000010 0.000010 0.000010 0.999940 0.000010 0.000010
0.721544 0.000010 0.000010 0.146006 0.132410 0.000010 0.000010
0.048574 0.084640 0.201387 0.081891 0.051517 0.493651 0.038339
0.224882 0.384561 0.024915 0.013465 0.062153 0.290014 0.000010
0.063581 0.242990 0.328508 0.072118 0.000010 0.000010 0.292783
0.000010 0.000010 0.000010 0.000010 0.302191 0.591117 0.106652
0.688678 0.197831 0.000010 0.034941 0.000010 0.067547 0.010983
0.000010 0.000010 0.768029 0.000010 0.000010 0.231921 0.000010
0.000015 0.000010 0.000010 0.000010 0.999935 0.000010 0.000010
0.579623 0.127913 0.074949 0.122822 0.094673 0.000010 0.000010
0.000010 0.000010 0.000010 0.000010 0.999940 0.000010 0.000010
0.000010 0.443302 0.000010 0.000010 0.469717 0.069866 0.017085
0.459073 0.000010 0.020152 0.125847 0.000010 0.394897 0.000010
0.452840 0.000010 0.016828 0.116921 0.000010 0.413381 0.000010
0.069551 0.000010 0.000010 0.000010 0.548243 0.382166 0.000010
0.000010 0.000010 0.999940 0.000010 0.000010 0.000010 0.000010
0.002197 0.571359 0.000010 0.000010 0.371028 0.048673 0.006723
0.000010 0.000010 0.000010 0.000010 0.000010 0.000010 0.999940
0.065647 0.000010 0.000010 0.000010 0.554759 0.379554 0.000010
0.542077 0.000010 0.000010 0.000010 0.000010 0.000010 0.457873
0.373577 0.000010 0.000010 0.000012 0.110357 0.000010 0.516024
0.614170 0.000010 0.000010 0.064611 0.014763 0.306426 0.000010
0.000010 0.287865 0.012701 0.000010 0.000010 0.006099 0.693305
0.000010 0.000010 0.480119 0.000010 0.000010 0.000010 0.519831
0.000010 0.946317 0.000010 0.000010 0.053633 0.000010 0.000010
0.084484 0.620292 0.000010 0.013684 0.047198 0.000010 0.234322
0.136523 0.411932 0.181842 0.013762 0.007740 0.248191 0.000010
0.000010 0.000010 0.000010 0.000010 0.000010 0.000010 0.999940
0.029404 0.289223 0.619104 0.051641 0.000010 0.010607 0.000010
0.748614 0.041271 0.055895 0.043963 0.110238 0.000010 0.000010
0.325740 0.216755 0.322060 0.000010 0.000010 0.102591 0.032834
0.000010 0.484402 0.000010 0.000010 0.258467 0.192572 0.064529
0.000010 0.000010 0.004919 0.095601 0.483274 0.416176 0.000010
0.000010 0.000010 0.425523 0.000010 0.000010 0.000010 0.574427
0.063565 0.022043 0.000010 0.053285 0.737736 0.089125 0.034237
0.999940 0.000010 0.000010 0.000010 0.000010 0.000010 0.000010
0.234359 0.159848 0.000010 0.000010 0.118954 0.000010 0.486809
0.074831 0.265428 0.000010 0.096707 0.000850 0.463119 0.099055
0.999940 0.000010 0.000010 0.000010 0.000010 0.000010 0.000010
0.133091 0.144067 0.407782 0.000010 0.012992 0.302049 0.000010
0.000010 0.040980 0.123987 0.014648 0.342343 0.471525 0.006508
0.000010 0.000010 0.147466 0.031965 0.371989 0.448549 0.000010
0.000010 0.113651 0.000010 0.039208 0.510115 0.336996 0.000010
0.614625 0.000010 0.000010 0.000010 0.000010 0.385325 0.000010
0.999940 0.000010 0.000010 0.000010 0.000010 0.000010 0.000010
0.000010 0.297517 0.006970 0.000010 0.000010 0.020445 0.675038
0.000010 0.000010 0.999940 0.000010 0.000010 0.000010 0.000010
0.000010 0.000010 0.000010 0.032110 0.484439 0.483411 0.000010
0.000010 0.210601 0.000010 0.134506 0.457663 0.153768 0.043443
0.000010 0.000010 0.000010 0.021656 0.000010 0.500914 0.477390
0.183407 0.070852 0.716875 0.000010 0.004236 0.000010 0.024610
0.000010 0.000010 0.000010 0.000010 0.999940 0.000010 0.000010
0.113402 0.129958 0.660228 0.008589 0.026375 0.032725 0.028723
0.057455 0.041835 0.000010 0.000010 0.810978 0.000010 0.089701
0.000010 0.999940 0.000010 0.000010 0.000010 0.000010 0.000010
0.077604 0.227743 0.125850 0.020932 0.000010 0.114985 0.432875
0.100792 0.153283 0.000010 0.022305 0.159337 0.208478 0.355796
0.000010 0.000010 0.000010 0.000010 0.999940 0.000010 0.000010
0.000010 0.999940 0.000010 0.000010 0.000010 0.000010 0.000010
0.092075 0.247297 0.000010 0.000010 0.568399 0.000010 0.092200
0.000010 0.000010 0.048023 0.175416 0.000010 0.776521 0.000010
0.724907 0.000010 0.000010 0.000010 0.008941 0.266112 0.000010
0.035792 0.062726 0.025545 0.118450 0.583772 0.173705 0.000010
0.000010 0.382351 0.000010 0.000010 0.404760 0.000010 0.212849
0.417654 0.025676 0.000010 0.097918 0.000010 0.458722 0.000010
0.151993 0.000010 0.000010 0.000010 0.046579 0.000010 0.801387
0.000010 0.033955 0.000010 0.101306 0.234305 0.625951 0.004463
0.202783 0.392677 0.114494 0.033832 0.000010 0.224042 0.032161
0.411556 0.030422 0.000010 0.000010 0.078911 0.447987 0.031104
0.141263 0.000010 0.000010 0.000010 0.000010 0.000010 0.858687
0.730039 0.000010 0.000010 0.156471 0.113450 0.000010 0.000010
0.000010 0.000010 0.000010 0.000010 0.999940 0.000010 0.000010
0.999940 0.000010 0.000010 0.000010 0.000010 0.000010 0.000010
0.324533 0.177967 0.318145 0.000010 0.144167 0.000010 0.035167
0.000010 0.000010 0.000010 0.000010 0.000010 0.000010 0.999940
0.231991 0.162950 0.268080 0.000010 0.004957 0.332002 0.000010
0.000010 0.111107 0.000010 0.038470 0.511203 0.339190 0.000010
0.350018 0.000010 0.023543 0.000010 0.000010 0.603051 0.023358
0.000010 0.000017 0.000010 0.000010 0.999933 0.000010 0.000010
0.026548 0.172668 0.000010 0.051730 0.019184 0.361536 0.368324
0.000010 0.000010 0.999940 0.000010 0.000010 0.000010 0.000010
0.000010 0.000010 0.000010 0.000010 0.360590 0.000010 0.639360
0.357397 0.000010 0.642553 0.000010 0.000010 0.000010 0.000010
0.694255 0.000010 0.000010 0.000010 0.000010 0.305695 0.000010
0.999940 0.000010 0.000010 0.000010 0.000010 0.000010 0.000010
0.559307 0.023373 0.000017 0.070437 0.028902 0.317953 0.000010
0.503566 0.011519 0.014407 0.088512 0.000010 0.381976 0.000010
0.000010 0.246318 0.023098 0.000010 0.356071 0.284364 0.090129
0.616614 0.009255 0.000012 0.178382 0.026646 0.169081 0.000010
0.000010 0.000010 0.000010 0.000010 0.000010 0.999940 0.000010
0.750678 0.154759 0.000010 0.000010 0.000010 0.060543 0.033990
0.110533 0.000010 0.024072 0.000010 0.064915 0.751471 0.048988
0.253765 0.075220 0.263726 0.000010 0.022868 0.384401 0.000010
0.046984 0.000010 0.004680 0.000010 0.948296 0.000010 0.000010
0.216655 0.639168 0.000010 0.000010 0.003457 0.000010 0.140690
0.000010 0.560394 0.010755 0.000839 0.321304 0.000010 0.106688
0.000010 0.648488 0.000010 0.000010 0.351462 0.000010 0.000010
0.628792 0.196369 0.000010 0.050448 0.035507 0.088864 0.000010
0.332405 0.000010 0.667545 0.000010 0.000010 0.000010 0.000010
0.657623 0.330349 0.011988 0.000010 0.000010 0.000010 0.000010
0.005288 0.006629 0.652702 0.000010 0.335352 0.000010 0.000010
0.035023 0.127229 0.024626 0.013900 0.175014 0.407105 0.217104
0.493780 0.000010 0.002110 0.084551 0.000010 0.419529 0.000010
0.033217 0.076631 0.000010 0.104922 0.756952 0.000010 0.028259
0.000010 0.642583 0.000010 0.000010 0.357367 0.000010 0.000010
0.686460 0.000010 0.005824 0.000010 0.000010 0.307676 0.000010
0.134480 0.131119 0.000010 0.000012 0.701207 0.000010 0.033163
0.000010 0.000010 0.000010 0.084208 0.000010 0.413957 0.501795
0.000010 0.000010 0.000010 0.000010 0.000010 0.000010 0.999940
0.943980 0.000010 0.000010 0.000010 0.000010 0.055970 0.000010
0.000010 0.287005 0.000010 0.101148 0.435142 0.176674 0.000010
0.000010 0.000010 0.661466 0.000010 0.000010 0.338484 0.000010
0.426430 0.224375 0.000010 0.000010 0.277229 0.071936 0.000010
0.095152 0.217442 0.017136 0.000010 0.670240 0.000010 0.000010
0.000010 0.801412 0.000010 0.013692 0.184856 0.000010 0.000010
0.370298 0.000010 0.000010 0.000010 0.000010 0.000010 0.629652
0.000010 0.430016 0.000010 0.000010 0.394803 0.000010 0.175141
0.071769 0.325129 0.000010 0.000010 0.433341 0.169732 0.000010
0.000010 0.000010 0.999940 0.000010 0.000010 0.000010 0.000010
0.000010 0.639415 0.000010 0.000010 0.360535 0.000010 0.000010
0.328748 0.000010 0.023037 0.000010 0.000010 0.648175 0.000010
0.394287 0.121909 0.000010 0.081098 0.047911 0.000010 0.354776
0.000010 0.304327 0.000010 0.000010 0.000010 0.001198 0.694435
0.318752 0.248677 0.038105 0.080522 0.146827 0.164695 0.002422
0.000010 0.420128 0.000010 0.000010 0.392122 0.000010 0.187711
0.000010 0.000010 0.000010 0.000010 0.056056 0.943894 0.000010
0.073639 0.420852 0.000010 0.003335 0.388614 0.000010 0.113540
0.528467 0.198748 0.000010 0.000010 0.035583 0.099240 0.137942
0.693048 0.117726 0.002716 0.108583 0.055714 0.022203 0.000010
0.000010 0.000010 0.000010 0.041934 0.000010 0.475352 0.482674
0.000010 0.033404 0.000010 0.203127 0.059994 0.703445 0.000010
0.018026 0.144338 0.034204 0.000010 0.000010 0.765643 0.037769
0.000010 0.526747 0.000010 0.000010 0.323117 0.090614 0.059492
0.601029 0.069895 0.000010 0.278116 0.000010 0.000010 0.050930
0.420339 0.155640 0.000010 0.196945 0.000010 0.133673 0.093383
0.107487 0.094216 0.000010 0.000010 0.086322 0.000010 0.711946
0.000010 0.326888 0.081280 0.000010 0.091783 0.019947 0.480082
0.000010 0.000010 0.482828 0.000010 0.000010 0.000010 0.517122
0.000010 0.000010 0.979445 0.000010 0.000010 0.000010 0.020505
0.329706 0.000010 0.670244 0.000010 0.000010 0.000010 0.000010
0.039435 0.296862 0.000010 0.024882 0.633406 0.000010 0.005394
0.000010 0.000010 0.894443 0.053610 0.051907 0.000010 0.000010
0.486431 0.000010 0.000010 0.513519 0.000010 0.000010 0.000010
0.490033 0.000010 0.000010 0.509917 0.000010 0.000010 0.000010
0.999937 0.000011 0.000010 0.000010 0.000012 0.000010 0.000010
0.596361 0.030649 0.070981 0.093242 0.000010 0.166801 0.041956
0.597099 0.000010 0.000010 0.009516 0.000010 0.000010 0.393345
0.559912 0.000010 0.000010 0.055870 0.000015 0.000010 0.384172
0.364279 0.000010 0.000010 0.000010 0.000010 0.000010 0.635671
0.449738 0.111758 0.273515 0.000010 0.000010 0.164959 0.000010
0.489413 0.028407 0.267036 0.000010 0.056914 0.158210 0.000010
0.567999 0.431951 0.000010 0.000010 0.000010 0.000010 0.000010
0.545450 0.000010 0.000010 0.000010 0.046561 0.407949 0.000010
0.596757 0.000010 0.360214 0.042989 0.000010 0.000010 0.000010
0.255978 0.018236 0.034776 0.027179 0.100519 0.330801 0.232511
0.999940 0.000010 0.000010 0.000010 0.000010 0.000010 0.000010
0.000010 0.069201 0.047818 0.223013 0.304952 0.354996 0.000010
0.987840 0.000010 0.000010 0.000010 0.000010 0.012110 0.000010
0.599550 0.205798 0.069094 0.041806 0.000010 0.048254 0.035488
0.433489 0.167280 0.019030 0.179614 0.000010 0.200568 0.000010
0.000010 0.000010 0.777118 0.020964 0.125212 0.076676 0.000010
0.000010 0.014040 0.000010 0.000010 0.566652 0.374248 0.045030
0.000010 0.059783 0.000010 0.000010 0.612692 0.327485 0.000010
0.135993 0.255019 0.069681 0.000010 0.224572 0.155455 0.159271
0.000010 0.357134 0.000010 0.000010 0.100081 0.000010 0.542745
0.000010 0.000010 0.000010 0.000010 0.000010 0.000010 0.999940
0.000010 0.037427 0.059791 0.000010 0.000010 0.902743 0.000010
0.999940 0.000010 0.000010 0.000010 0.000010 0.000010 0.000010
0.636389 0.363561 0.000010 0.000010 0.000010 0.000010 0.000010
0.000010 0.000010 0.000010 0.239165 0.602470 0.158325 0.000010
0.085207 0.045191 0.044877 0.000010 0.433837 0.335542 0.055337
0.911293 0.000010 0.000010 0.000010 0.069607 0.000010 0.019060
0.000010 0.510981 0.000010 0.000010 0.335418 0.022137 0.131435
0.112933 0.125251 0.000010 0.076694 0.119292 0.441715 0.124105
0.000010 0.333028 0.275238 0.000010 0.003252 0.224924 0.163538
0.000010 0.000010 0.000010 0.000010 0.793413 0.206537 0.000010
0.000010 0.000010 0.000010 0.000010 0.900224 0.099726 0.000010
0.000010 0.000010 0.000010 0.018379 0.895474 0.086107 0.000010
0.000010 0.000010 0.000010 0.010688 0.905555 0.083718 0.000010
0.000010 0.000010 0.000010 0.000010 0.839942 0.160008 0.000010
0.000010 0.000010 0.000010 0.000010 0.848996 0.150954 0.000010
0.000010 0.000010 0.000010 0.000010 0.907636 0.092314 0.000010
0.000010 0.022582 0.000010 0.000010 0.754004 0.223374 0.000010
0.000010 0.036643 0.000010 0.000010 0.758739 0.204578 0.000010
0.000010 0.019892 0.000010 0.000010 0.804822 0.175246 0.000010
0.000010 0.001716 0.000010 0.017336 0.719815 0.261102 0.000010
0.000010 0.000010 0.000010 0.000010 0.999940 0.000010 0.000010
0.000010 0.000010 0.000010 0.000010 0.999940 0.000010 0.000010
0.000010 0.000010 0.000010 0.000010 0.999940 0.000010 0.000010
0.000010 0.000010 0.000010 0.999940 0.000010 0.000010 0.000010
0.000010 0.000010 0.000010 0.999940 0.000010 0.000010 0.000010
0.000010 0.000010 0.000010 0.999940 0.000010 0.000010 0.000010
0.000010 0.000010 0.000010 0.999940 0.000010 0.000010 0.000010
0.000010 0.000010 0.000010 0.999940 0.000010 0.000010 0.000010
0.026555 0.000010 0.000010 0.973395 0.000010 0.000010 0.000010
0.000010 0.000010 0.000010 0.999940 0.000010 0.000010 0.000010
0.000010 0.000010 0.000010 0.999940 0.000010 0.000010 0.000010
0.000010 0.199723 0.000010 0.119969 0.352411 0.327867 0.000010
0.000010 0.000010 0.000014 0.000010 0.000010 0.000010 0.999936
0.062062 0.000010 0.011129 0.000010 0.517349 0.382218 0.027222
0.000010 0.336386 0.000010 0.000010 0.420914 0.000010 0.242660
0.066820 0.269319 0.000010 0.000010 0.184320 0.416004 0.063517
0.303664 0.507227 0.028110 0.030885 0.124612 0.000010 0.005491
0.000010 0.521920 0.064478 0.059410 0.127880 0.126828 0.099473
0.000010 0.102952 0.000010 0.000010 0.336790 0.000010 0.560218
0.772276 0.080826 0.043248 0.038093 0.000010 0.000010 0.065538
0.000010 0.630886 0.000010 0.000010 0.188977 0.180097 0.000010
0.220371 0.289404 0.038142 0.000010 0.077048 0.259580 0.115445
0.000010 0.000010 0.000010 0.000010 0.000010 0.312493 0.687457
0.000010 0.000010 0.000010 0.000010 0.000010 0.000010 0.999940
0.000010 0.105240 0.043508 0.000010 0.057529 0.793693 0.000010
0.182732 0.390899 0.062976 0.000010 0.061734 0.092792 0.208856
0.023001 0.319306 0.050940 0.059910 0.094689 0.331785 0.120369
0.000010 0.545907 0.008485 0.000010 0.353910 0.000010 0.091669
0.000010 0.630591 0.000010 0.000010 0.189580 0.179789 0.000010
0.000010 0.630879 0.000010 0.000010 0.190270 0.178811 0.000010
0.000010 0.836194 0.045374 0.021652 0.000010 0.096749 0.000010
0.000010 0.777035 0.066016 0.059442 0.000010 0.097477 0.000010
0.000010 0.000010 0.195215 0.246300 0.000010 0.558445 0.000010
0.044442 0.583707 0.033080 0.083939 0.080699 0.100192 0.073941
0.077513 0.627112 0.000010 0.023931 0.043097 0.000010 0.228327
0.000010 0.000010 0.082502 0.053148 0.107916 0.756404 0.000010
0.040633 0.615265 0.053988 0.053241 0.041202 0.081326 0.114345
0.000010 0.406465 0.130736 0.044144 0.000010 0.418625 0.000010
0.080496 0.564502 0.055117 0.044501 0.086128 0.052726 0.116530
0.000010 0.501123 0.000075 0.130128 0.053372 0.242970 0.072322
0.000010 0.342556 0.071377 0.140550 0.064844 0.380653 0.000010
0.000010 0.529749 0.051928 0.074024 0.134101 0.173485 0.036703
0.567669 0.160990 0.000010 0.172921 0.064073 0.000010 0.034326
0.011249 0.579421 0.000010 0.130207 0.032197 0.000010 0.246905
0.000010 0.526565 0.000010 0.000010 0.305862 0.002623 0.164920
0.078465 0.000010 0.027994 0.000010 0.513984 0.379528 0.000010
0.705818 0.294132 0.000010 0.000010 0.000010 0.000010 0.000010
0.923543 0.000010 0.000010 0.000010 0.071032 0.000010 0.005385
0.036970 0.219542 0.000010 0.000010 0.271155 0.472303 0.000010
0.000010 0.000010 0.000010 0.000010 0.000010 0.000010 0.999940
0.000010 0.000010 0.048199 0.011786 0.036958 0.903027 0.000010
0.000010 0.000010 0.999940 0.000010 0.000010 0.000010 0.000010
0.933761 0.059033 0.000010 0.000010 0.007166 0.000010 0.000010
0.052485 0.091637 0.068508 0.042978 0.412054 0.258342 0.073996
0.650014 0.349936 0.000010 0.000010 0.000010 0.000010 0.000010
0.144956 0.240408 0.060936 0.000437 0.227409 0.176827 0.149028
0.162781 0.127674 0.000010 0.000010 0.602047 0.000010 0.107468
0.094030 0.212646 0.017826 0.000010 0.675468 0.000010 0.000010
0.211807 0.191054 0.208254 0.000010 0.217968 0.000010 0.170897
0.272855 0.252674 0.000010 0.000010 0.151320 0.000010 0.323120
0.000010 0.017862 0.000010 0.000010 0.203004 0.733799 0.045305
0.000010 0.813133 0.000010 0.000010 0.000010 0.186817 0.000010
0.236645 0.273761 0.010327 0.045171 0.202522 0.076198 0.155377
0.131741 0.117689 0.000818 0.000010 0.670168 0.000010 0.079564
0.184145 0.221368 0.157983 0.000010 0.000010 0.273369 0.163115
0.109295 0.708770 0.000010 0.102640 0.000010 0.000010 0.079265
0.000010 0.192005 0.050670 0.000010 0.000010 0.757285 0.000010
