0.000010 0.000010 0.000010 0.999960 0.000010
0.077783 0.000010 0.034233 0.084619 0.803356
0.188231 0.000010 0.021535 0.712010 0.078214
0.000010 0.648091 0.000010 0.000010 0.351879
0.000010 0.000010 0.118703 0.000010 0.881267
0.346993 0.000010 0.141946 0.000010 0.511041
0.800973 0.116113 0.007972 0.074932 0.000010
0.000010 0.999960 0.000010 0.000010 0.000010
0.000010 0.999960 0.000010 0.000010 0.000010
0.386882 0.000010 0.000010 0.541943 0.071155
0.247328 0.752642 0.000010 0.000010 0.000010
0.157549 0.000010 0.073712 0.010633 0.758096
0.223341 0.000010 0.000010 0.638465 0.138175
0.030655 0.000010 0.000010 0.843996 0.125329
0.000010 0.000010 0.000010 0.999960 0.000010
0.767549 0.076882 0.094889 0.000010 0.060670
0.170030 0.143053 0.551454 0.129420 0.006042
0.825509 0.027522 0.129644 0.000010 0.017315
0.091960 0.000010 0.018845 0.859668 0.029517
0.297667 0.000010 0.110839 0.000010 0.591474
0.336513 0.013178 0.268373 0.381926 0.000010
0.451801 0.000010 0.000010 0.036338 0.511841
0.060709 0.000010 0.397286 0.029313 0.512682
0.157058 0.786628 0.000010 0.021726 0.034578
0.133206 0.156745 0.557766 0.151944 0.000339
0.000010 0.000010 0.000010 0.000010 0.999960
0.133641 0.000010 0.025016 0.015659 0.825674
0.056342 0.000010 0.000010 0.907013 0.036625
0.091509 0.069655 0.014225 0.824601 0.000010
0.374726 0.020922 0.133174 0.362404 0.108774
0.000010 0.000010 0.999960 0.000010 0.000010
0.135003 0.000010 0.000010 0.812374 0.052603
0.000010 0.000010 0.496592 0.000010 0.503378
0.088807 0.212178 0.000010 0.698995 0.000010
0.392066 0.000010 0.000010 0.607904 0.000010
0.000010 0.999960 0.000010 0.000010 0.000010
0.000017 0.000010 0.834671 0.165292 0.000010
0.000010 0.000010 0.354974 0.000010 0.644996
0.348052 0.031177 0.000010 0.000010 0.620751
0.420751 0.391506 0.000010 0.167512 0.020221
0.232341 0.030090 0.154929 0.056522 0.526118
0.000010 0.000010 0.000010 0.000010 0.999960
0.171158 0.000010 0.000010 0.000010 0.828812
0.316626 0.127367 0.011869 0.544128 0.000010
0.000010 0.999960 0.000010 0.000010 0.000010
0.406625 0.000010 0.593345 0.000010 0.000010
0.104620 0.192773 0.144440 0.558156 0.000010
0.000010 0.000014 0.000010 0.247928 0.752039
0.000010 0.000010 0.000010 0.999960 0.000010
0.453135 0.290199 0.013956 0.173874 0.068835
0.180156 0.000010 0.097887 0.142494 0.579453
0.000010 0.000010 0.000010 0.000010 0.999960
0.037598 0.000010 0.000010 0.820396 0.141986
0.578341 0.206913 0.043837 0.083569 0.087340
0.536373 0.008669 0.033573 0.264210 0.157175
0.204067 0.297472 0.341392 0.157059 0.000010
0.470022 0.090012 0.130498 0.000010 0.309458
0.210861 0.000010 0.034195 0.754925 0.000010
0.231455 0.768515 0.000010 0.000010 0.000010
0.000010 0.000010 0.000010 0.000010 0.999960
0.090599 0.071474 0.000010 0.700108 0.137809
0.000010 0.000010 0.000010 0.000010 0.999960
0.279202 0.000010 0.058889 0.063843 0.598056
0.429160 0.058853 0.000010 0.511967 0.000010
0.441029 0.054075 0.004880 0.500006 0.000010
0.264127 0.068988 0.034497 0.067436 0.564952
0.000010 0.999960 0.000010 0.000010 0.000010
0.302801 0.000010 0.070067 0.074364 0.552757
0.000010 0.000010 0.999960 0.000010 0.000010
0.321498 0.041483 0.000010 0.053990 0.583020
0.000010 0.000010 0.442035 0.557935 0.000010
0.000010 0.000010 0.519233 0.381180 0.099567
0.339875 0.000010 0.000010 0.645882 0.014223
0.273128 0.000010 0.708440 0.018412 0.000010
0.000010 0.485290 0.514680 0.000010 0.000010
0.554022 0.000010 0.000010 0.083064 0.362894
0.292045 0.000010 0.338877 0.183999 0.185068
0.530175 0.129791 0.048306 0.189326 0.102403
0.000010 0.000010 0.999960 0.000010 0.000010
0.283772 0.557374 0.005037 0.116905 0.036913
0.000010 0.061377 0.011723 0.793168 0.133722
0.227414 0.312789 0.090221 0.369567 0.000010
0.382660 0.000010 0.169085 0.000010 0.448234
0.457748 0.034221 0.000010 0.000010 0.508012
0.000010 0.428611 0.571359 0.000010 0.000010
0.100196 0.000010 0.040696 0.105894 0.753204
0.000010 0.000010 0.000010 0.999960 0.000010
0.000010 0.000010 0.541727 0.295834 0.162419
0.689021 0.000010 0.128326 0.125304 0.057340
0.000010 0.000010 0.007579 0.992391 0.000010
0.377849 0.405393 0.032370 0.124620 0.059768
0.492238 0.133505 0.000010 0.000010 0.374237
0.457924 0.161560 0.000010 0.000010 0.380496
0.435719 0.004477 0.000010 0.002754 0.557040
0.374925 0.000010 0.000010 0.611024 0.014032
0.000010 0.000010 0.000010 0.999960 0.000010
0.270400 0.000010 0.696313 0.033266 0.000010
0.000010 0.999960 0.000010 0.000010 0.000010
0.480476 0.018484 0.000010 0.000010 0.501021
0.373885 0.000010 0.070453 0.000010 0.555643
0.512014 0.000010 0.487956 0.000010 0.000010
0.000010 0.715103 0.050893 0.220034 0.013960
0.000010 0.000019 0.000010 0.000010 0.999951
0.099893 0.658071 0.059506 0.135933 0.046596
0.000010 0.000010 0.095393 0.058049 0.846538
0.574058 0.000010 0.009248 0.229013 0.187670
0.292640 0.108307 0.455743 0.130231 0.013079
0.304050 0.000010 0.379983 0.114831 0.201126
0.000010 0.000010 0.000010 0.000010 0.999960
0.584098 0.003932 0.004240 0.068815 0.338914
0.041474 0.000010 0.166163 0.155942 0.636410
0.925287 0.074683 0.000010 0.000010 0.000010
0.222566 0.027911 0.000010 0.707375 0.042138
0.256274 0.028878 0.000010 0.074836 0.640002
0.000010 0.000010 0.367502 0.000010 0.632468
0.518875 0.010794 0.000010 0.470311 0.000010
0.000010 0.000010 0.793095 0.172864 0.034021
0.700996 0.000010 0.038300 0.000010 0.260684
0.478718 0.086812 0.085604 0.293565 0.055301
0.390819 0.013047 0.079370 0.390356 0.126408
0.000010 0.000010 0.839312 0.160658 0.000010
0.027613 0.000010 0.000010 0.842222 0.130145
0.000010 0.000010 0.000010 0.000010 0.999960
0.000010 0.000010 0.000010 0.999960 0.000010
0.067173 0.305112 0.077669 0.341893 0.208153
0.000010 0.000016 0.999954 0.000010 0.000010
0.422897 0.261229 0.028906 0.238892 0.048076
0.431624 0.002429 0.000010 0.008550 0.557388
0.561565 0.051327 0.067205 0.319893 0.000010
0.000010 0.000010 0.000010 0.000010 0.999960
0.486007 0.000010 0.395100 0.060121 0.058763
0.000011 0.999959 0.000010 0.000010 0.000010
0.000010 0.000010 0.633318 0.000010 0.366652
0.000010 0.641971 0.000010 0.357999 0.000010
0.308064 0.000010 0.004826 0.687089 0.000010
0.000010 0.000010 0.000010 0.999960 0.000010
0.368784 0.019336 0.000010 0.596347 0.015523
0.465829 0.003079 0.000010 0.531072 0.000010
0.412577 0.017499 0.121622 0.000010 0.448292
0.258129 0.000010 0.000010 0.713544 0.028307
0.942422 0.000010 0.057548 0.000010 0.000010
0.140176 0.000010 0.053500 0.775811 0.030503
0.623476 0.099810 0.104068 0.069318 0.103328
0.431145 0.273332 0.000010 0.256172 0.039342
0.000010 0.006934 0.000010 0.035425 0.957621
0.370141 0.000716 0.183191 0.314391 0.131562
0.238837 0.037430 0.171354 0.061588 0.490791
0.182234 0.000010 0.089233 0.146313 0.582210
0.217485 0.000010 0.006797 0.704271 0.071438
0.000010 0.667476 0.000010 0.332494 0.000010
0.194231 0.000010 0.008810 0.727778 0.069171
0.000010 0.631689 0.000010 0.000010 0.368281
0.436466 0.049910 0.248859 0.035189 0.229576
0.468074 0.011924 0.000010 0.519982 0.000010
0.070284 0.000010 0.035592 0.085673 0.808441
0.169860 0.000010 0.101210 0.146907 0.582013
0.259111 0.062723 0.002407 0.675749 0.000010
0.000010 0.000010 0.058394 0.174905 0.766681
0.484032 0.000010 0.515928 0.000020 0.000010
0.000010 0.000010 0.999960 0.000010 0.000010
0.041708 0.000010 0.022851 0.935421 0.000010
0.409688 0.000010 0.038235 0.010673 0.541394
0.312094 0.687876 0.000010 0.000010 0.000010
0.133874 0.000010 0.033192 0.469796 0.363128
0.000010 0.043543 0.035665 0.136115 0.784667
0.465514 0.000010 0.036456 0.037976 0.460043
0.000010 0.000010 0.625063 0.374907 0.000010
0.000010 0.000010 0.358673 0.011721 0.629586
0.280423 0.000010 0.056032 0.111107 0.552428
0.000010 0.999960 0.000010 0.000010 0.000010
0.172569 0.000010 0.092360 0.147995 0.587067
0.608656 0.059860 0.017939 0.313535 0.000010
0.083912 0.000010 0.365508 0.467861 0.082709
0.270571 0.000010 0.714666 0.014743 0.000010
0.264264 0.058451 0.066187 0.392327 0.218772
0.000010 0.000010 0.363632 0.016256 0.620092
0.892377 0.023818 0.004422 0.000010 0.079374
0.164476 0.009903 0.165231 0.135191 0.525198
0.193992 0.000010 0.166670 0.567165 0.072163
0.122812 0.000010 0.000010 0.801074 0.076094
0.506560 0.000010 0.493410 0.000010 0.000010
0.883298 0.000010 0.000010 0.013320 0.103362
0.802439 0.073745 0.086053 0.037752 0.000010
0.315898 0.008082 0.148666 0.000010 0.527345
0.123828 0.000010 0.055553 0.820599 0.000010
0.321665 0.000010 0.112208 0.566107 0.000010
0.000010 0.000010 0.742830 0.137460 0.119691
0.191367 0.085194 0.526769 0.009034 0.187636
0.000010 0.486928 0.513042 0.000010 0.000010
0.000010 0.980217 0.019753 0.000010 0.000010
0.000010 0.668313 0.000010 0.331657 0.000010
0.142378 0.000010 0.026527 0.107146 0.723940
0.000020 0.907755 0.000010 0.017021 0.075195
0.000010 0.000010 0.000010 0.999960 0.000010
0.006123 0.000010 0.000010 0.993847 0.000010
0.000010 0.000010 0.000010 0.999960 0.000010
0.203002 0.090562 0.049273 0.654093 0.003070
0.000010 0.000010 0.375796 0.624174 0.000010
0.000010 0.000010 0.378799 0.621171 0.000010
0.000010 0.000010 0.645939 0.354031 0.000010
0.193561 0.296328 0.032710 0.477391 0.000010
0.114645 0.310549 0.016299 0.492403 0.066104
0.227592 0.002639 0.000010 0.683016 0.086743
0.423244 0.000010 0.000010 0.541055 0.035681
0.000010 0.365926 0.000010 0.634044 0.000010
0.337603 0.059108 0.235894 0.265008 0.102387
0.000010 0.000010 0.000010 0.999960 0.000010
0.540131 0.062044 0.000010 0.034929 0.362886
0.020052 0.000010 0.000010 0.979917 0.000010
0.209240 0.057825 0.052231 0.680694 0.000010
0.352142 0.022787 0.015750 0.591907 0.017413
0.106320 0.767975 0.000010 0.000010 0.125685
0.356293 0.000010 0.049259 0.000010 0.594428
0.337474 0.000010 0.013654 0.000010 0.648853
0.254711 0.070277 0.195637 0.185109 0.294266
0.201682 0.000010 0.578717 0.033856 0.185735
0.000010 0.000010 0.999960 0.000010 0.000010
0.907735 0.087533 0.004712 0.000010 0.000010
0.000010 0.000010 0.000010 0.999960 0.000010
0.220187 0.000010 0.000010 0.778438 0.001355
0.318815 0.021362 0.000010 0.000010 0.659804
0.351073 0.057983 0.060712 0.073627 0.456605
0.000010 0.000010 0.027288 0.903445 0.069247
0.215430 0.000010 0.215878 0.027644 0.541037
0.524788 0.000010 0.156506 0.154008 0.164688
0.391450 0.268810 0.226558 0.000010 0.113172
0.151770 0.000010 0.010607 0.000010 0.837604
0.044466 0.000010 0.000010 0.000010 0.955504
0.000010 0.007590 0.000010 0.000010 0.992380
0.000010 0.000010 0.000010 0.000010 0.999960
0.065084 0.046769 0.000010 0.000010 0.888127
0.028969 0.059002 0.000010 0.000010 0.912009
0.000010 0.012283 0.000010 0.000010 0.987687
0.175640 0.000010 0.000010 0.000010 0.824330
0.150380 0.000010 0.000010 0.000010 0.849590
0.116901 0.000010 0.000010 0.000010 0.883069
0.211199 0.000010 0.000010 0.000010 0.788771
0.000010 0.000010 0.000010 0.000010 0.999960
0.000010 0.000010 0.000010 0.000010 0.999960
0.000010 0.000010 0.000010 0.000010 0.999960
0.487805 0.000010 0.000010 0.512165 0.000010
0.476522 0.000010 0.000010 0.523448 0.000010
0.519216 0.000010 0.000010 0.480754 0.000010
0.492054 0.000010 0.000010 0.507916 0.000010
0.512359 0.000010 0.000010 0.487611 0.000010
0.362412 0.000010 0.000010 0.637558 0.000010
0.520789 0.000010 0.000010 0.479181 0.000010
0.560828 0.014063 0.000010 0.425089 0.000010
0.524285 0.000010 0.000010 0.000010 0.475685
0.000010 0.000020 0.999950 0.000010 0.000010
0.263051 0.086163 0.056739 0.056104 0.537942
0.000010 0.000010 0.357182 0.044123 0.598675
0.520238 0.000010 0.110039 0.090402 0.279312
0.265232 0.038501 0.046461 0.419311 0.230495
0.448517 0.034467 0.181586 0.044924 0.290507
0.000010 0.000012 0.605870 0.000010 0.394098
0.045808 0.045749 0.088531 0.819902 0.000010
0.547010 0.000010 0.000010 0.016745 0.436225
0.428873 0.027477 0.140822 0.259578 0.143250
0.297127 0.000010 0.702843 0.000010 0.000010
0.000010 0.000010 0.999960 0.000010 0.000010
0.723595 0.122401 0.046314 0.000010 0.107680
0.305115 0.041778 0.253001 0.245863 0.154242
0.496941 0.057446 0.170670 0.096576 0.178368
0.224675 0.037489 0.156468 0.052606 0.528761
0.535490 0.000010 0.003464 0.027548 0.433489
0.532782 0.000010 0.005754 0.027483 0.433970
0.636451 0.022655 0.000010 0.211681 0.129203
0.670336 0.007318 0.000010 0.211410 0.110926
0.766831 0.233139 0.000010 0.000010 0.000010
0.457014 0.026418 0.123021 0.170705 0.222842
0.304172 0.000010 0.328812 0.180426 0.186581
0.712857 0.143609 0.033901 0.000010 0.109622
0.447322 0.011925 0.183792 0.165856 0.191105
0.638552 0.143122 0.042740 0.067846 0.107740
0.373887 0.033520 0.158875 0.202619 0.231099
0.639427 0.000010 0.140306 0.070460 0.149798
0.717383 0.053390 0.000010 0.077859 0.151358
0.523061 0.022560 0.103028 0.079321 0.272030
0.084753 0.000010 0.079818 0.722600 0.112819
0.392250 0.000010 0.296955 0.149775 0.161010
0.239863 0.000010 0.224486 0.013175 0.522467
0.275331 0.088160 0.030279 0.075267 0.530962
0.157697 0.000010 0.000010 0.832842 0.009441
0.000010 0.000010 0.013855 0.915375 0.070750
0.573131 0.000010 0.028380 0.051644 0.346835
0.000010 0.000010 0.999960 0.000010 0.000010
0.889352 0.064217 0.000010 0.000010 0.046410
0.000010 0.999960 0.000010 0.000010 0.000010
0.020863 0.000010 0.000010 0.948152 0.030965
0.311305 0.075963 0.085662 0.074226 0.452843
0.176171 0.000010 0.010486 0.735684 0.077649
0.264269 0.063304 0.187412 0.189667 0.295347
0.000010 0.005011 0.137602 0.199395 0.657982
0.000010 0.046083 0.028407 0.135624 0.789876
0.062129 0.207256 0.201408 0.255164 0.274044
0.074402 0.000010 0.374622 0.333988 0.216977
0.658713 0.041222 0.084476 0.000010 0.215579
0.596302 0.000010 0.072103 0.143985 0.187600
0.186766 0.008286 0.197025 0.309692 0.298230
0.000010 0.015554 0.100783 0.158988 0.724665
0.352613 0.179012 0.213792 0.210306 0.044277
0.435553 0.000010 0.185005 0.264459 0.114973
0.795967 0.120516 0.028212 0.000010 0.055296
