0.000010 0.000010 0.000010 0.000010 0.999930 0.000010 0.000010 0.000010
0.055995 0.000010 0.750319 0.076629 0.081304 0.000010 0.000010 0.035722
0.000010 0.210521 0.001336 0.000010 0.669382 0.000010 0.000010 0.118721
0.000010 0.000010 0.276744 0.000010 0.000010 0.098641 0.624565 0.000010
0.000010 0.390625 0.609315 0.000010 0.000010 0.000010 0.000010 0.000010
0.000010 0.539261 0.191945 0.059994 0.000010 0.070143 0.000010 0.138627
0.030990 0.177332 0.000010 0.607874 0.043981 0.000010 0.106948 0.032855
0.000010 0.000010 0.000010 0.000010 0.000010 0.000010 0.999930 0.000010
0.000010 0.000010 0.000010 0.000010 0.000010 0.000010 0.999930 0.000010
0.010567 0.000010 0.000010 0.345008 0.504567 0.000010 0.000010 0.139818
0.000010 0.026659 0.000010 0.198823 0.000010 0.000010 0.759982 0.014497
0.000010 0.000010 0.296995 0.000010 0.000010 0.000010 0.000010 0.702945
0.000010 0.118274 0.086221 0.158486 0.619008 0.000010 0.000010 0.017981
0.000010 0.000010 0.132030 0.030106 0.837813 0.000010 0.000010 0.000010
0.000010 0.000010 0.000010 0.000010 0.999930 0.000010 0.000010 0.000010
0.133062 0.164304 0.000010 0.591477 0.000010 0.000010 0.068998 0.042129
0.815756 0.000010 0.000010 0.000010 0.048971 0.000010 0.135223 0.000010
0.110263 0.036571 0.000010 0.806886 0.000010 0.043284 0.002721 0.000254
0.000010 0.084049 0.000010 0.011292 0.837626 0.015824 0.000010 0.051180
0.000010 0.424177 0.347358 0.163385 0.000010 0.065041 0.000010 0.000010
0.238813 0.000010 0.000010 0.320547 0.354042 0.070884 0.015685 0.000010
0.000010 0.192365 0.428891 0.324212 0.009430 0.000010 0.000010 0.045073
0.168553 0.520054 0.212292 0.000010 0.000010 0.099061 0.000010 0.000010
0.000010 0.000010 0.000010 0.000010 0.000010 0.000010 0.815215 0.184725
0.809951 0.000010 0.000010 0.000010 0.055045 0.000010 0.134954 0.000010
0.000010 0.000010 0.999930 0.000010 0.000010 0.000010 0.000010 0.000010
0.000010 0.000010 0.457777 0.000010 0.000010 0.000010 0.000010 0.542163
0.000010 0.050191 0.000010 0.000010 0.899341 0.000010 0.000010 0.050418
0.000010 0.108078 0.000010 0.000010 0.793123 0.000010 0.077502 0.021257
0.175185 0.148042 0.055731 0.280445 0.332069 0.000010 0.008509 0.000010
0.000010 0.000010 0.000010 0.000010 0.000010 0.999930 0.000010 0.000010
0.026044 0.053192 0.020384 0.023212 0.787918 0.000010 0.000010 0.089230
0.542511 0.000010 0.457429 0.000010 0.000010 0.000010 0.000010 0.000010
0.000010 0.000010 0.000010 0.094813 0.684947 0.000010 0.200098 0.020102
0.000010 0.000010 0.000010 0.353074 0.596526 0.000010 0.000010 0.050350
0.000010 0.000010 0.000010 0.000010 0.000010 0.000020 0.999920 0.000010
0.999930 0.000010 0.000010 0.000010 0.000010 0.000010 0.000010 0.000010
0.037118 0.563947 0.310533 0.000010 0.000010 0.088362 0.000010 0.000010
0.000010 0.117514 0.547986 0.308577 0.000010 0.008155 0.017739 0.000010
0.000010 0.031503 0.000010 0.285086 0.151203 0.000010 0.413123 0.119055
0.093403 0.602808 0.303739 0.000010 0.000010 0.000010 0.000010 0.000010
0.000010 0.000010 0.999930 0.000010 0.000010 0.000010 0.000010 0.000010
0.000010 0.000010 0.793076 0.185623 0.000010 0.000010 0.000010 0.021251
0.032297 0.020724 0.000010 0.298497 0.539168 0.000010 0.109283 0.000010
0.000010 0.000010 0.000010 0.000010 0.000010 0.000010 0.999930 0.000010
0.637245 0.000010 0.000010 0.362695 0.000010 0.000010 0.000010 0.000010
0.237872 0.065457 0.000010 0.000010 0.504404 0.000010 0.192227 0.000010
0.000010 0.000010 0.744864 0.000010 0.255076 0.000010 0.000010 0.000010
0.000010 0.000010 0.000010 0.000010 0.999930 0.000010 0.000010 0.000010
0.019377 0.052397 0.049915 0.402354 0.168733 0.017110 0.277446 0.012668
0.000010 0.000010 0.000016 0.000010 0.000010 0.000010 0.000010 0.999924
0.000010 0.000010 0.999930 0.000010 0.000010 0.000010 0.000010 0.000010
0.000010 0.000010 0.142386 0.031339 0.812872 0.013363 0.000010 0.000010
0.028905 0.000010 0.022896 0.524352 0.064923 0.022139 0.208532 0.128243
0.041911 0.241799 0.027603 0.283003 0.238981 0.000010 0.029075 0.137618
0.444287 0.128843 0.000010 0.047075 0.086831 0.000010 0.292936 0.000010
0.131256 0.077425 0.264252 0.464104 0.000010 0.000010 0.062933 0.000010
0.000010 0.213559 0.000010 0.062624 0.712434 0.003995 0.000010 0.007359
0.000010 0.000010 0.000010 0.220380 0.000010 0.000010 0.769437 0.010133
0.000010 0.000015 0.999925 0.000010 0.000010 0.000010 0.000010 0.000010
0.015721 0.000010 0.089969 0.020020 0.691164 0.000010 0.081636 0.101470
0.000010 0.000010 0.999930 0.000010 0.000010 0.000010 0.000010 0.000010
0.010340 0.570284 0.419326 0.000010 0.000010 0.000010 0.000010 0.000010
0.021430 0.000010 0.000010 0.453493 0.510389 0.000010 0.014648 0.000010
0.033419 0.000010 0.000010 0.455508 0.497185 0.000010 0.013849 0.000010
0.000010 0.000010 0.525837 0.332735 0.087758 0.037544 0.016096 0.000010
0.000010 0.000010 0.000010 0.000010 0.000010 0.000010 0.999930 0.000010
0.043192 0.032624 0.183939 0.000010 0.000010 0.000010 0.000010 0.740205
0.000010 0.000010 0.000010 0.000010 0.000010 0.999930 0.000010 0.000010
0.000010 0.000010 0.552622 0.363595 0.055371 0.021517 0.006865 0.000010
0.488844 0.000010 0.000010 0.000010 0.511096 0.000010 0.000010 0.000010
0.000010 0.000010 0.023353 0.000010 0.411794 0.564804 0.000010 0.000010
0.008656 0.000010 0.025588 0.327882 0.637835 0.000010 0.000010 0.000010
0.999930 0.000010 0.000010 0.000010 0.000010 0.000010 0.000010 0.000010
0.534750 0.000010 0.000010 0.000010 0.000010 0.000010 0.465190 0.000010
0.000010 0.921007 0.000010 0.000010 0.000010 0.000010 0.000010 0.078933
0.083138 0.513229 0.000010 0.000010 0.120412 0.172262 0.000010 0.110929
0.208051 0.190828 0.022683 0.247863 0.135125 0.000010 0.146212 0.049228
0.000010 0.000010 0.000010 0.000010 0.000010 0.999930 0.000010 0.000010
0.113426 0.106029 0.000010 0.074894 0.063288 0.000010 0.572013 0.070329
0.000010 0.104751 0.050389 0.000010 0.773524 0.071296 0.000010 0.000010
0.072691 0.144433 0.000010 0.049495 0.315646 0.000010 0.333266 0.084449
0.000010 0.549307 0.140994 0.094122 0.000010 0.087684 0.000010 0.127862
0.000010 0.000010 0.507058 0.492882 0.000010 0.000010 0.000010 0.000010
0.602384 0.000010 0.000010 0.000010 0.000010 0.000010 0.397556 0.000010
0.070809 0.000014 0.741421 0.089549 0.098178 0.000010 0.000010 0.000010
0.000010 0.000010 0.000010 0.000010 0.999930 0.000010 0.000010 0.000010
0.741054 0.000010 0.074524 0.000010 0.124039 0.000010 0.000010 0.060342
0.188848 0.145129 0.027707 0.503722 0.106064 0.000010 0.000010 0.028509
0.000010 0.000010 0.000010 0.000010 0.980981 0.018959 0.000010 0.000010
0.000010 0.000010 0.000010 0.260272 0.106875 0.035042 0.418837 0.178943
0.000630 0.000010 0.327012 0.488749 0.000010 0.000010 0.110181 0.073399
0.000010 0.000010 0.377199 0.484282 0.000010 0.000010 0.138469 0.000010
0.000010 0.109327 0.496715 0.361393 0.000010 0.000010 0.000010 0.032525
0.000010 0.029226 0.000010 0.348171 0.596498 0.000010 0.000010 0.026065
0.000010 0.000010 0.000010 0.000010 0.999930 0.000010 0.000010 0.000010
0.999930 0.000010 0.000010 0.000010 0.000010 0.000010 0.000010 0.000010
0.000010 0.000010 0.000010 0.000010 0.000010 0.000010 0.999930 0.000010
0.000010 0.000010 0.488966 0.510786 0.000010 0.000010 0.000010 0.000197
0.087458 0.154016 0.469918 0.253240 0.000010 0.000010 0.000010 0.035338
0.502704 0.000010 0.000010 0.458041 0.000010 0.039206 0.000010 0.000010
0.065637 0.000010 0.000010 0.000010 0.117336 0.000010 0.686474 0.130513
0.000010 0.000010 0.999930 0.000010 0.000010 0.000010 0.000010 0.000010
0.000010 0.195457 0.000010 0.000010 0.103252 0.039108 0.662142 0.000010
0.176873 0.000010 0.757761 0.000010 0.000010 0.000010 0.000010 0.065315
0.000010 0.915731 0.000010 0.000010 0.084209 0.000010 0.000010 0.000010
0.622068 0.121579 0.000010 0.084966 0.070851 0.000010 0.100507 0.000010
0.401665 0.058179 0.168896 0.198121 0.076333 0.062957 0.000010 0.033840
0.000010 0.000010 0.999930 0.000010 0.000010 0.000010 0.000010 0.000010
0.000010 0.954020 0.000010 0.000010 0.000010 0.000010 0.000010 0.045920
0.187251 0.000010 0.527671 0.000010 0.101791 0.000010 0.000010 0.183248
0.000010 0.000010 0.000010 0.935882 0.000010 0.000010 0.064058 0.000010
0.000010 0.112195 0.000010 0.177160 0.691215 0.000010 0.019390 0.000010
0.000010 0.027944 0.516681 0.194484 0.074694 0.006724 0.036200 0.143263
0.072779 0.578763 0.286176 0.000010 0.000010 0.062242 0.000010 0.000010
0.037581 0.000010 0.000010 0.456110 0.448863 0.000010 0.000010 0.057406
0.999930 0.000010 0.000010 0.000010 0.000010 0.000010 0.000010 0.000010
0.000010 0.073802 0.218871 0.656875 0.000010 0.050411 0.000010 0.000010
0.248948 0.213211 0.004703 0.217940 0.222816 0.000010 0.092362 0.000010
0.000010 0.241240 0.031514 0.288398 0.369820 0.065582 0.003426 0.000010
0.999930 0.000010 0.000010 0.000010 0.000010 0.000010 0.000010 0.000010
0.000010 0.000010 0.137027 0.024932 0.837983 0.000018 0.000010 0.000010
0.000010 0.000016 0.999924 0.000010 0.000010 0.000010 0.000010 0.000010
0.000010 0.000010 0.000010 0.000010 0.999930 0.000010 0.000010 0.000010
0.000010 0.010231 0.087061 0.000010 0.331240 0.121583 0.308653 0.141212
0.955460 0.000010 0.000010 0.000010 0.000010 0.044480 0.000010 0.000010
0.000010 0.045531 0.000010 0.312404 0.240662 0.046520 0.275726 0.079137
0.000010 0.090057 0.486101 0.358591 0.003026 0.000010 0.000010 0.062194
0.000010 0.000010 0.000010 0.572524 0.333150 0.065843 0.028443 0.000010
0.000010 0.000010 0.999930 0.000010 0.000010 0.000010 0.000010 0.000010
0.530143 0.006938 0.000010 0.360582 0.000010 0.000010 0.000010 0.102297
0.000010 0.000010 0.000010 0.000010 0.000010 0.000010 0.999930 0.000010
0.599143 0.000010 0.321778 0.000010 0.000010 0.073584 0.000010 0.005455
0.000010 0.000010 0.000010 0.000010 0.361273 0.000010 0.638667 0.000010
0.000010 0.001400 0.000010 0.273564 0.670599 0.054397 0.000010 0.000010
0.000010 0.000010 0.000010 0.000010 0.999930 0.000010 0.000010 0.000010
0.009709 0.000010 0.019010 0.335561 0.579572 0.000010 0.000010 0.056118
0.000010 0.105834 0.000010 0.388028 0.506088 0.000010 0.000010 0.000010
0.152975 0.000077 0.278945 0.260037 0.000010 0.000010 0.042526 0.265420
0.000010 0.000010 0.034094 0.252895 0.712961 0.000010 0.000010 0.000010
0.000010 0.000010 0.000010 0.990611 0.000010 0.009329 0.000010 0.000010
0.038120 0.000010 0.000010 0.046349 0.758937 0.049345 0.000010 0.107220
0.000010 0.150229 0.022822 0.579060 0.064241 0.105803 0.077824 0.000010
0.014619 0.084031 0.025531 0.347196 0.251857 0.000010 0.276747 0.000010
0.000010 0.000010 0.942620 0.000010 0.050266 0.000010 0.007064 0.000010
0.191269 0.457107 0.000010 0.000014 0.232053 0.016028 0.000010 0.103509
0.117573 0.587242 0.288510 0.000010 0.006634 0.000010 0.000010 0.000010
0.000010 0.000010 0.000010 0.000010 0.000010 0.000010 0.000010 0.999930
0.026851 0.000010 0.000010 0.102775 0.680452 0.000010 0.000010 0.189881
0.000010 0.000010 0.000010 0.000010 0.335475 0.000010 0.664465 0.000010
0.000010 0.186186 0.000010 0.000010 0.692044 0.000010 0.022829 0.098901
0.000010 0.000010 0.296637 0.000010 0.000010 0.085930 0.610132 0.007261
0.154815 0.000010 0.125918 0.386511 0.011894 0.093673 0.036032 0.191148
0.000010 0.060265 0.000010 0.427906 0.511779 0.000010 0.000010 0.000010
0.056682 0.000010 0.754838 0.072850 0.080909 0.000010 0.000010 0.034691
0.000010 0.000010 0.000010 0.000010 0.000010 0.000010 0.000010 0.999930
0.000010 0.131746 0.000010 0.179783 0.629526 0.012237 0.046677 0.000010
0.050551 0.077516 0.681203 0.000010 0.148823 0.000010 0.000010 0.041878
0.586813 0.000010 0.000010 0.413127 0.000010 0.000010 0.000010 0.000010
0.000010 0.000010 0.000010 0.000010 0.000010 0.999930 0.000010 0.000010
0.000010 0.000010 0.000010 0.054014 0.928532 0.017403 0.000010 0.000010
0.060077 0.183976 0.414531 0.240057 0.000010 0.000010 0.000010 0.101330
0.000010 0.000010 0.000010 0.335352 0.000010 0.000010 0.664588 0.000010
0.025519 0.239864 0.254681 0.039732 0.440174 0.000010 0.000010 0.000010
0.000010 0.081885 0.624353 0.000010 0.113350 0.069453 0.015312 0.095627
0.000010 0.000010 0.000010 0.000010 0.000010 0.000010 0.000010 0.999930
0.641475 0.000010 0.000010 0.000010 0.345424 0.013051 0.000010 0.000010
0.046455 0.625254 0.275482 0.000010 0.000011 0.052768 0.000010 0.000010
0.004915 0.386668 0.385492 0.136689 0.086206 0.000010 0.000010 0.000010
0.000010 0.000010 0.000010 0.000010 0.000010 0.000010 0.999930 0.000010
0.000010 0.000010 0.000010 0.000010 0.000010 0.000010 0.000010 0.999930
0.000010 0.000010 0.000010 0.629392 0.314232 0.021714 0.034622 0.000010
0.364939 0.101890 0.055729 0.005407 0.431801 0.040214 0.000010 0.000010
0.999930 0.000010 0.000010 0.000010 0.000010 0.000010 0.000010 0.000010
0.000010 0.224182 0.113433 0.149693 0.356182 0.055482 0.053068 0.047950
0.052238 0.612600 0.271863 0.000010 0.000010 0.063259 0.000010 0.000010
0.000010 0.000010 0.071799 0.910098 0.000010 0.018053 0.000010 0.000010
0.084166 0.439479 0.324010 0.000010 0.106579 0.045737 0.000010 0.000010
0.198096 0.030742 0.003180 0.098990 0.524334 0.000010 0.000010 0.144638
0.000010 0.000010 0.070484 0.061438 0.793875 0.000010 0.000010 0.074162
0.530576 0.000010 0.000010 0.440782 0.000010 0.014233 0.000010 0.014368
0.029091 0.036934 0.103194 0.825195 0.005556 0.000010 0.000010 0.000010
0.093438 0.226376 0.000010 0.620554 0.000010 0.000010 0.059591 0.000010
0.000010 0.599617 0.205568 0.000010 0.000010 0.078132 0.000010 0.116644
0.096702 0.000010 0.000010 0.062850 0.763742 0.000010 0.000010 0.076667
0.114490 0.000010 0.000010 0.217611 0.502391 0.000010 0.000010 0.165468
0.713088 0.000010 0.054811 0.000010 0.068465 0.067791 0.000010 0.095814
0.611424 0.000010 0.024911 0.000010 0.000010 0.000010 0.079886 0.283738
0.530173 0.000010 0.000010 0.000010 0.000010 0.000010 0.469767 0.000010
0.026469 0.000010 0.000010 0.000010 0.000010 0.004340 0.969141 0.000010
0.000010 0.000010 0.000010 0.000010 0.333557 0.000010 0.666383 0.000010
0.000010 0.325635 0.576759 0.000010 0.080055 0.017511 0.000010 0.000010
0.002342 0.000010 0.081811 0.000010 0.006278 0.000010 0.909529 0.000010
0.000010 0.000010 0.000010 0.059279 0.935454 0.000010 0.000010 0.005217
0.000010 0.000010 0.000010 0.068412 0.931528 0.000010 0.000010 0.000010
0.000010 0.000010 0.000010 0.000010 0.999930 0.000010 0.000010 0.000010
0.052783 0.030571 0.000010 0.184409 0.624939 0.005103 0.071083 0.031101
0.427950 0.000010 0.000010 0.000010 0.571990 0.000010 0.000010 0.000010
0.432532 0.000010 0.000010 0.000010 0.567408 0.000010 0.000010 0.000010
0.653537 0.000010 0.000010 0.000010 0.326374 0.020040 0.000010 0.000010
0.000014 0.101271 0.000010 0.117243 0.434744 0.000010 0.288304 0.058403
0.000010 0.142861 0.004715 0.068016 0.480481 0.000010 0.303896 0.000010
0.000010 0.401414 0.000010 0.000010 0.598526 0.000010 0.000010 0.000010
0.001505 0.024210 0.032985 0.391138 0.533606 0.000010 0.000010 0.016536
0.000010 0.000010 0.000010 0.000010 0.632727 0.000010 0.367213 0.000010
0.331834 0.013370 0.064558 0.263141 0.225876 0.008097 0.049684 0.043441
0.000010 0.000018 0.000010 0.000010 0.999920 0.000012 0.000010 0.000010
0.000010 0.000010 0.289145 0.495218 0.025204 0.000010 0.044300 0.146103
0.021603 0.011458 0.000010 0.002431 0.964468 0.000010 0.000010 0.000010
0.126096 0.113486 0.000010 0.065840 0.628343 0.000010 0.066205 0.000010
0.056739 0.116279 0.000010 0.185118 0.514651 0.000010 0.039337 0.087855
0.000010 0.022807 0.114214 0.093354 0.000010 0.000010 0.769585 0.000010
0.000010 0.105729 0.495511 0.291055 0.000010 0.090377 0.000010 0.017297
0.000010 0.174767 0.561346 0.240958 0.000010 0.022889 0.000010 0.000010
0.216189 0.308640 0.187578 0.105495 0.117059 0.000010 0.065018 0.000010
0.674897 0.000010 0.037294 0.000010 0.000010 0.000010 0.000010 0.287760
0.000010 0.000010 0.000010 0.000010 0.000010 0.999930 0.000010 0.000010
0.038951 0.061283 0.000010 0.833632 0.000010 0.000010 0.066095 0.000010
0.000010 0.000010 0.000010 0.000010 0.999930 0.000010 0.000010 0.000010
0.000010 0.337867 0.000010 0.000010 0.662073 0.000010 0.000010 0.000010
0.000010 0.000010 0.644932 0.355008 0.000010 0.000010 0.000010 0.000010
0.139564 0.000010 0.389002 0.285056 0.058037 0.000010 0.041526 0.086795
0.006121 0.102208 0.000018 0.000010 0.868559 0.023063 0.000010 0.000010
0.000010 0.678932 0.197836 0.000010 0.000010 0.077776 0.000010 0.045415
0.043584 0.083848 0.057415 0.444974 0.130389 0.114974 0.000010 0.124806
0.115985 0.202803 0.000010 0.210965 0.000010 0.065451 0.272184 0.132593
0.000010 0.318813 0.630238 0.045641 0.000010 0.005267 0.000010 0.000010
0.000010 0.332939 0.667001 0.000010 0.000010 0.000010 0.000010 0.000010
0.000010 0.377901 0.622039 0.000010 0.000010 0.000010 0.000010 0.000010
0.000010 0.303964 0.695976 0.000010 0.000010 0.000010 0.000010 0.000010
0.000010 0.278103 0.691855 0.005765 0.000010 0.000010 0.024237 0.000010
0.000010 0.367506 0.631305 0.000010 0.000010 0.000010 0.001139 0.000010
0.000010 0.293537 0.706392 0.000010 0.000015 0.000016 0.000010 0.000010
0.000010 0.473732 0.526208 0.000010 0.000010 0.000010 0.000010 0.000010
0.000010 0.491781 0.508159 0.000010 0.000010 0.000010 0.000010 0.000010
0.000010 0.433514 0.566426 0.000010 0.000010 0.000010 0.000010 0.000010
0.000010 0.510202 0.478894 0.000010 0.000010 0.010854 0.000010 0.000010
0.000010 0.000010 0.999930 0.000010 0.000010 0.000010 0.000010 0.000010
0.000010 0.000010 0.999925 0.000010 0.000015 0.000010 0.000010 0.000010
0.000010 0.000010 0.999930 0.000010 0.000010 0.000010 0.000010 0.000010
0.000010 0.000010 0.000012 0.512943 0.486995 0.000010 0.000010 0.000010
0.000010 0.000010 0.000010 0.491730 0.508210 0.000010 0.000010 0.000010
0.000010 0.000010 0.000010 0.542834 0.457106 0.000010 0.000010 0.000010
0.000010 0.000010 0.000010 0.513394 0.486546 0.000010 0.000010 0.000010
0.000010 0.000010 0.000010 0.532283 0.467657 0.000010 0.000010 0.000010
0.000010 0.000010 0.000010 0.380929 0.619011 0.000010 0.000010 0.000010
0.000010 0.000010 0.000010 0.529855 0.456098 0.000010 0.000010 0.013997
0.000010 0.000010 0.000010 0.581441 0.418499 0.000010 0.000010 0.000010
0.000010 0.000010 0.280889 0.408939 0.000010 0.000010 0.000010 0.310123
0.000010 0.000010 0.000010 0.000010 0.000010 0.999930 0.000010 0.000010
0.019716 0.000010 0.495375 0.318035 0.077347 0.041644 0.047863 0.000010
0.108857 0.468794 0.316455 0.000010 0.000010 0.105854 0.000010 0.000010
0.000010 0.183367 0.087230 0.351381 0.053149 0.129591 0.000010 0.195262
0.074177 0.398549 0.073518 0.000010 0.348024 0.000010 0.044683 0.061028
0.116995 0.000010 0.000010 0.118048 0.000010 0.042524 0.081472 0.640931
0.468485 0.159478 0.279652 0.000010 0.000010 0.092345 0.000010 0.000010
0.035050 0.077429 0.000010 0.000010 0.795576 0.039296 0.052619 0.000010
0.000010 0.000010 0.000010 0.000010 0.000010 0.000010 0.000010 0.999930
0.218341 0.236017 0.078412 0.226852 0.212602 0.000010 0.027756 0.000010
0.740010 0.000010 0.000010 0.259930 0.000010 0.000010 0.000010 0.000010
0.000010 0.000010 0.000010 0.000010 0.000010 0.999930 0.000010 0.000010
0.000010 0.251754 0.017974 0.586983 0.000010 0.045410 0.097850 0.000010
0.325066 0.293256 0.043353 0.059677 0.168623 0.000010 0.067277 0.042738
0.214945 0.190002 0.042503 0.302678 0.027143 0.000010 0.060826 0.161892
0.113814 0.563392 0.322744 0.000010 0.000010 0.000010 0.000010 0.000010
0.000010 0.000010 0.000010 0.000010 0.000010 0.000010 0.000010 0.999930
0.000010 0.000010 0.000010 0.000010 0.000010 0.000010 0.000010 0.999930
0.000010 0.758250 0.000010 0.155084 0.060158 0.000010 0.026468 0.000010
0.000010 0.712578 0.000010 0.149194 0.075081 0.000010 0.063107 0.000010
0.000010 0.000010 0.000010 0.800915 0.000010 0.000010 0.199025 0.000010
0.059139 0.662876 0.028220 0.055771 0.123616 0.021596 0.048773 0.000010
0.078340 0.517156 0.000010 0.000010 0.119755 0.174448 0.000010 0.110272
0.006169 0.073137 0.104353 0.696517 0.000010 0.000010 0.119794 0.000010
0.186023 0.564102 0.000010 0.073769 0.089484 0.000010 0.056513 0.030090
0.012366 0.378427 0.000010 0.401812 0.014979 0.003160 0.151612 0.037633
0.211431 0.467745 0.039434 0.006636 0.113702 0.000010 0.061798 0.099245
0.038795 0.289293 0.006946 0.308636 0.039001 0.079464 0.036645 0.201221
0.000010 0.226314 0.058184 0.466479 0.053515 0.000010 0.091721 0.103767
0.069663 0.465933 0.073515 0.194333 0.040295 0.001242 0.061959 0.093060
0.073475 0.018928 0.067356 0.022859 0.698188 0.001435 0.000010 0.117749
0.252296 0.342445 0.000010 0.039986 0.093135 0.083474 0.000010 0.188644
0.000014 0.755276 0.183563 0.000010 0.000010 0.061107 0.000010 0.000010
0.008226 0.009981 0.487649 0.319326 0.099036 0.017828 0.057944 0.000010
0.000010 0.283202 0.000010 0.000010 0.713534 0.000010 0.000010 0.003214
0.015917 0.096396 0.006731 0.000010 0.876529 0.004398 0.000010 0.000010
0.000010 0.199778 0.248718 0.451100 0.035529 0.026341 0.000010 0.038514
0.000010 0.000010 0.000010 0.000010 0.000010 0.999930 0.000010 0.000010
0.000010 0.082359 0.000010 0.885751 0.000010 0.009195 0.022654 0.000010
0.000010 0.000010 0.000010 0.000010 0.000010 0.000010 0.999930 0.000010
0.000010 0.048246 0.000010 0.000010 0.924718 0.000010 0.000010 0.026986
0.156480 0.000010 0.373368 0.250004 0.047799 0.000010 0.063675 0.108653
0.000010 0.350951 0.000010 0.000010 0.648989 0.000010 0.000010 0.000010
0.204199 0.302055 0.187062 0.123860 0.125760 0.000010 0.057044 0.000010
0.206418 0.000010 0.576937 0.000010 0.150094 0.000010 0.000010 0.066511
0.000010 0.092758 0.630842 0.000010 0.112417 0.075762 0.011429 0.076772
0.286115 0.093809 0.192589 0.000010 0.170697 0.000010 0.190503 0.066267
0.495683 0.076415 0.123955 0.000010 0.225026 0.000010 0.000010 0.078892
0.000010 0.224761 0.107007 0.563108 0.000010 0.088495 0.016598 0.000010
0.022896 0.842487 0.000010 0.094152 0.040426 0.000010 0.000010 0.000010
0.006881 0.330235 0.117889 0.073493 0.286801 0.172474 0.012217 0.000010
0.169640 0.000010 0.647276 0.000010 0.129127 0.000010 0.000010 0.053917
0.087791 0.182805 0.000010 0.189373 0.152402 0.101100 0.178433 0.108085
0.122052 0.510255 0.000010 0.000010 0.166433 0.000010 0.000010 0.201220
0.000010 0.313852 0.000010 0.554778 0.000010 0.018685 0.101595 0.011061
