0.999980 0.000010 0.000010
0.111982 0.008903 0.879115
0.793252 0.077875 0.128873
0.000010 0.666369 0.333621
0.000010 0.000010 0.999980
0.020155 0.315621 0.664224
0.135468 0.842272 0.022260
0.000010 0.999980 0.000010
0.000010 0.999980 0.000010
0.569437 0.337533 0.093030
0.000010 0.999980 0.000010
0.087973 0.037869 0.874158
0.704433 0.127286 0.168281
0.899680 0.000010 0.100310
0.999980 0.000010 0.000010
0.028462 0.816198 0.155340
0.133518 0.801967 0.064514
0.016701 0.877726 0.105573
0.898587 0.036427 0.064986
0.006099 0.271932 0.721969
0.459754 0.540236 0.000010
0.078137 0.359330 0.562533
0.056730 0.273625 0.669645
0.041831 0.920726 0.037444
0.162210 0.776218 0.061571
0.000010 0.000010 0.999980
0.074835 0.029852 0.895314
0.959710 0.000010 0.040280
0.893695 0.106295 0.000010
0.395874 0.446739 0.157387
0.000010 0.617084 0.382906
0.902755 0.005778 0.091467
0.000010 0.354220 0.645770
0.724580 0.275410 0.000010
0.673613 0.326377 0.000010
0.000010 0.999980 0.000010
0.250445 0.617802 0.131753
0.008664 0.122623 0.868713
0.000010 0.337550 0.662440
0.196559 0.752258 0.051183
0.073367 0.273029 0.653604
0.000010 0.000010 0.999980
0.000010 0.121867 0.878123
0.587746 0.412244 0.000010
0.000014 0.999976 0.000010
0.000010 0.999980 0.000010
0.587161 0.412829 0.000010
0.251762 0.000010 0.748228
0.999980 0.000010 0.000010
0.179131 0.719491 0.101378
0.202896 0.000010 0.797094
0.000010 0.000010 0.999980
0.876207 0.000010 0.123783
0.126626 0.755584 0.117790
0.294137 0.482895 0.222968
0.201060 0.782975 0.015965
0.000010 0.602788 0.397202
0.821119 0.151858 0.027023
0.000014 0.999976 0.000010
0.000010 0.000010 0.999980
0.780201 0.078982 0.140817
0.000010 0.000010 0.999980
0.099304 0.204744 0.695952
0.551044 0.448946 0.000010
0.537557 0.462433 0.000010
0.066219 0.332134 0.601647
0.000013 0.999977 0.000010
0.106862 0.193862 0.699276
0.000010 0.611360 0.388630
0.047900 0.328066 0.624034
0.676522 0.323468 0.000010
0.412982 0.212462 0.374556
0.695939 0.277640 0.026421
0.121690 0.878300 0.000010
0.000010 0.999980 0.000010
0.130573 0.373188 0.496239
0.223035 0.431788 0.345177
0.221854 0.633621 0.144525
0.000010 0.612026 0.387964
0.149269 0.807020 0.043711
0.799638 0.053554 0.146807
0.403639 0.596351 0.000010
0.020082 0.371523 0.608395
0.000010 0.462935 0.537055
0.000010 0.999980 0.000010
0.121543 0.095220 0.783237
0.999980 0.000010 0.000010
0.355772 0.351206 0.293022
0.170070 0.682074 0.147856
0.999978 0.000012 0.000010
0.143941 0.768254 0.087805
0.000010 0.591625 0.408365
0.000010 0.589769 0.410221
0.027854 0.369041 0.603106
0.655737 0.303491 0.040772
0.999980 0.000010 0.000010
0.134197 0.865793 0.000010
0.000010 0.963217 0.036773
0.005218 0.436653 0.558129
0.041223 0.319496 0.639281
0.000010 0.969920 0.030070
0.242990 0.734208 0.022802
0.000011 0.000010 0.999979
0.141722 0.812238 0.046040
0.085499 0.000010 0.914491
0.288734 0.387278 0.323988
0.146694 0.775195 0.078111
0.155268 0.552842 0.291890
0.000010 0.000010 0.999980
0.120518 0.399470 0.480012
0.196354 0.056066 0.747580
0.000010 0.999980 0.000010
0.733166 0.189897 0.076937
0.080529 0.230593 0.688878
0.017021 0.140370 0.842609
0.493588 0.482777 0.023635
0.200926 0.657441 0.141633
0.021696 0.617921 0.360383
0.328350 0.578232 0.093418
0.422743 0.375299 0.201959
0.240478 0.636362 0.123159
0.895580 0.000010 0.104410
0.000010 0.000010 0.999980
0.999980 0.000010 0.000010
0.352789 0.412546 0.234666
0.065684 0.921683 0.012633
0.263992 0.661702 0.074306
0.033095 0.360779 0.606126
0.359991 0.617818 0.022191
0.000010 0.000010 0.999980
0.092587 0.763342 0.144071
0.000014 0.999976 0.000010
0.000010 0.470853 0.529137
0.419105 0.580885 0.000010
0.749597 0.250393 0.000010
0.999980 0.000010 0.000010
0.625043 0.329277 0.045680
0.612442 0.387548 0.000010
0.000010 0.467504 0.532486
0.771801 0.184974 0.043226
0.000010 0.938777 0.061213
0.852634 0.080228 0.067137
0.080872 0.738729 0.180399
0.275896 0.668195 0.055909
0.029031 0.000010 0.970959
0.358686 0.401781 0.239532
0.078043 0.298286 0.623672
0.205964 0.000010 0.794026
0.823262 0.037344 0.139395
0.387349 0.612641 0.000010
0.800467 0.099722 0.099811
0.005742 0.634140 0.360118
0.058558 0.616816 0.324626
0.589180 0.399069 0.011751
0.111034 0.007071 0.881894
0.205330 0.000010 0.794660
0.720729 0.252367 0.026904
0.188122 0.000010 0.811868
0.027174 0.931757 0.041069
0.000010 0.609007 0.390983
0.999975 0.000015 0.000010
0.042960 0.337958 0.619082
0.000010 0.999980 0.000010
0.494218 0.098460 0.407323
0.151192 0.000267 0.848541
0.089940 0.273568 0.636493
0.483043 0.516947 0.000010
0.038405 0.132583 0.829012
0.131331 0.256560 0.612109
0.000010 0.999980 0.000010
0.204577 0.000010 0.795413
0.341167 0.605429 0.053404
0.531159 0.333058 0.135783
0.121852 0.878138 0.000010
0.451457 0.254416 0.294126
0.034708 0.145187 0.820105
0.002897 0.848142 0.148961
0.169534 0.207413 0.623054
0.659221 0.201880 0.138899
0.860034 0.041987 0.097979
0.000010 0.948102 0.051888
0.071231 0.717156 0.211613
0.115777 0.835692 0.048531
0.014689 0.285065 0.700246
0.868117 0.131873 0.000010
0.616715 0.383275 0.000010
0.193109 0.594248 0.212643
0.050990 0.643898 0.305112
0.000010 0.999980 0.000010
0.009909 0.990081 0.000010
0.381583 0.618407 0.000010
0.158783 0.048480 0.792736
0.060176 0.900121 0.039703
0.999980 0.000010 0.000010
0.999980 0.000010 0.000010
0.999980 0.000010 0.000010
0.671818 0.303931 0.024251
0.730582 0.266474 0.002944
0.681218 0.253407 0.065375
0.486561 0.513429 0.000010
0.505802 0.494188 0.000010
0.506258 0.416946 0.076796
0.750459 0.122580 0.126961
0.566082 0.376287 0.057631
0.652770 0.347220 0.000010
0.292386 0.544826 0.162788
0.999980 0.000010 0.000010
0.106442 0.491678 0.401881
0.999980 0.000010 0.000010
0.729393 0.270597 0.000010
0.607136 0.330305 0.062558
0.000010 0.857852 0.142138
0.000010 0.298669 0.701321
0.000010 0.260098 0.739892
0.222850 0.389723 0.387427
0.057668 0.629317 0.313015
0.000010 0.623403 0.376587
0.039122 0.925772 0.035106
0.999980 0.000010 0.000010
0.851202 0.072648 0.076150
0.000010 0.289506 0.710484
0.080290 0.424913 0.494797
0.921521 0.000010 0.078469
0.041977 0.258891 0.699131
0.183043 0.557847 0.259110
0.015343 0.791512 0.193145
0.000010 0.106972 0.893018
0.000010 0.000010 0.999980
0.000010 0.000010 0.999980
0.000010 0.000010 0.999980
0.000010 0.086260 0.913730
0.000010 0.072786 0.927204
0.000010 0.000010 0.999980
0.000010 0.049083 0.950907
0.000010 0.001492 0.998498
0.000010 0.000010 0.999980
0.000010 0.083063 0.916927
0.000010 0.000010 0.999980
0.000010 0.000010 0.999980
0.000010 0.000010 0.999980
0.565143 0.388426 0.046431
0.580411 0.383018 0.036571
0.532319 0.404485 0.063196
0.570279 0.379008 0.050713
0.555637 0.400285 0.044078
0.715027 0.256751 0.028221
0.560943 0.409585 0.029472
0.508155 0.468430 0.023414
0.017418 0.440454 0.542128
0.013752 0.613851 0.372397
0.058711 0.360709 0.580580
0.085786 0.148329 0.765885
0.152399 0.472048 0.375552
0.472988 0.221869 0.305143
0.079470 0.510831 0.409699
0.000010 0.461044 0.538946
0.880956 0.119034 0.000010
0.030646 0.419950 0.549404
0.301864 0.508604 0.189532
0.000010 0.995068 0.004922
0.000010 0.602669 0.397321
0.000010 0.784858 0.215132
0.289632 0.482656 0.227712
0.144970 0.572799 0.282232
0.068647 0.276576 0.654777
0.043622 0.413677 0.542702
0.042345 0.414706 0.542949
0.268383 0.496138 0.235479
0.265407 0.510227 0.224366
0.065294 0.934696 0.000010
0.207430 0.473228 0.319342
0.220013 0.430608 0.349379
0.000010 0.824157 0.175833
0.199441 0.525376 0.275183
0.102411 0.713073 0.184517
0.245545 0.436024 0.318431
0.110578 0.615972 0.273450
0.116522 0.662641 0.220837
0.113216 0.527256 0.359528
0.835013 0.000010 0.164977
0.199869 0.479720 0.320410
0.030296 0.284551 0.685153
0.073398 0.355340 0.571262
0.893325 0.038716 0.067959
0.928036 0.000010 0.071954
0.084194 0.510521 0.405286
0.000010 0.624250 0.375740
0.000010 0.912512 0.087478
0.000010 0.999980 0.000010
0.980184 0.000010 0.019806
0.085908 0.409740 0.504353
0.801563 0.075725 0.122712
0.229108 0.384291 0.386601
0.219030 0.060920 0.720051
0.149182 0.000010 0.850808
0.277364 0.390636 0.332000
0.388303 0.296891 0.314806
0.000010 0.685790 0.314200
0.195664 0.491369 0.312967
0.336251 0.266345 0.397404
0.178613 0.038426 0.782961
0.237202 0.635276 0.127523
0.314640 0.427502 0.257858
0.030370 0.791748 0.177883
