0.999970 0.000010 0.000010 0.000010
0.092477 0.041972 0.838305 0.027246
0.768948 0.076863 0.109870 0.044319
0.000010 0.044384 0.336619 0.618987
0.000010 0.107550 0.892430 0.000010
0.008883 0.215459 0.569626 0.206032
0.130083 0.136027 0.002059 0.731831
0.000010 0.000010 0.000010 0.999970
0.000010 0.000010 0.000010 0.999970
0.563211 0.017875 0.115362 0.303552
0.000010 0.000010 0.000010 0.999970
0.037666 0.140862 0.821461 0.000010
0.693355 0.000010 0.173775 0.132860
0.888929 0.000010 0.111051 0.000010
0.999970 0.000010 0.000010 0.000010
0.018128 0.184534 0.139733 0.657604
0.129176 0.593162 0.000010 0.277652
0.001586 0.202125 0.094706 0.701583
0.883866 0.043013 0.041304 0.031817
0.000062 0.172822 0.636592 0.190524
0.427204 0.308176 0.000010 0.264610
0.066123 0.000010 0.564772 0.369095
0.029269 0.439111 0.531610 0.000010
0.038961 0.000010 0.042002 0.919027
0.149727 0.595268 0.000010 0.254995
0.000010 0.000014 0.999966 0.000010
0.035018 0.087597 0.877376 0.000010
0.949852 0.003617 0.046521 0.000010
0.875449 0.010353 0.000010 0.114188
0.380331 0.186626 0.129519 0.303524
0.000010 0.999970 0.000010 0.000010
0.872755 0.042661 0.084574 0.000010
0.000010 0.501045 0.498935 0.000010
0.720532 0.000010 0.000010 0.279448
0.663203 0.000010 0.000010 0.336777
0.000010 0.000010 0.000010 0.999970
0.152249 0.847731 0.000010 0.000010
0.000010 0.370085 0.629895 0.000010
0.000010 0.039173 0.651397 0.309420
0.185711 0.000010 0.067322 0.746957
0.064581 0.211274 0.570749 0.153397
0.000010 0.000010 0.999970 0.000010
0.000010 0.000010 0.877083 0.122897
0.581480 0.044341 0.000010 0.374169
0.000010 0.000010 0.000010 0.999970
0.000010 0.661216 0.000010 0.338764
0.567101 0.164868 0.000010 0.268021
0.247039 0.000010 0.752941 0.000010
0.999970 0.000010 0.000010 0.000010
0.182734 0.058210 0.107848 0.651208
0.155342 0.190954 0.653694 0.000010
0.000010 0.000010 0.999970 0.000010
0.866975 0.000010 0.133005 0.000010
0.099606 0.125218 0.121022 0.654154
0.279430 0.154596 0.191630 0.374343
0.157870 0.388548 0.000010 0.453571
0.000010 0.197969 0.360772 0.441249
0.799807 0.069519 0.013124 0.117549
0.000010 0.000010 0.000010 0.999970
0.000010 0.000010 0.999970 0.000010
0.740609 0.000010 0.154588 0.104793
0.000010 0.000010 0.999970 0.000010
0.092659 0.150189 0.633503 0.123649
0.547321 0.035557 0.000010 0.417112
0.533412 0.053001 0.000010 0.413577
0.068766 0.052845 0.592369 0.286020
0.000017 0.000010 0.000010 0.999963
0.092163 0.164616 0.622100 0.121121
0.000010 0.999970 0.000010 0.000010
0.051897 0.023451 0.618902 0.305750
0.564942 0.435038 0.000010 0.000010
0.383601 0.525446 0.090942 0.000010
0.684515 0.000010 0.043284 0.272191
0.017390 0.823181 0.000010 0.159419
0.000010 0.531809 0.000010 0.468171
0.117056 0.154012 0.427469 0.301463
0.196600 0.456340 0.212352 0.134708
0.211860 0.152672 0.129703 0.505764
0.000010 0.999970 0.000010 0.000010
0.128236 0.065639 0.059540 0.746585
0.791737 0.023438 0.136850 0.047976
0.392588 0.127839 0.000010 0.479563
0.006877 0.250369 0.507352 0.235401
0.000010 0.000010 0.554510 0.445470
0.000010 0.567637 0.000010 0.432343
0.113712 0.051791 0.771430 0.063067
0.999970 0.000010 0.000010 0.000010
0.288217 0.564949 0.146824 0.000010
0.157822 0.229482 0.121212 0.491484
0.999970 0.000010 0.000010 0.000010
0.128843 0.085170 0.084663 0.701324
0.000010 0.047780 0.415453 0.536757
0.000010 0.000010 0.428368 0.571612
0.009683 0.000010 0.612650 0.377657
0.646186 0.000010 0.039093 0.314711
0.999970 0.000010 0.000010 0.000010
0.030467 0.809964 0.000010 0.159559
0.000010 0.000010 0.034388 0.965592
0.000010 0.035118 0.560904 0.403969
0.024867 0.119992 0.611882 0.243259
0.000010 0.582827 0.000010 0.417153
0.239399 0.077700 0.015759 0.667142
0.000010 0.000010 0.999970 0.000010
0.142646 0.033343 0.058569 0.765442
0.043545 0.098074 0.858371 0.000010
0.273216 0.196062 0.252409 0.278313
0.133473 0.540387 0.009605 0.316535
0.146877 0.457321 0.199196 0.196605
0.000010 0.000010 0.999970 0.000010
0.107014 0.170132 0.403511 0.319343
0.160649 0.177333 0.662008 0.000010
0.000010 0.000010 0.000010 0.999970
0.722777 0.000010 0.073165 0.204048
0.086372 0.011823 0.682595 0.219209
0.000010 0.384486 0.615494 0.000010
0.488482 0.064371 0.026638 0.420508
0.172985 0.806671 0.020334 0.000010
0.004873 0.112557 0.346625 0.535944
0.314476 0.175637 0.079553 0.430333
0.413952 0.136650 0.161562 0.287836
0.152274 0.847705 0.000011 0.000010
0.884865 0.000010 0.115115 0.000010
0.000010 0.000010 0.999970 0.000010
0.999970 0.000010 0.000010 0.000010
0.350960 0.096803 0.204387 0.347850
0.000010 0.999970 0.000010 0.000010
0.254383 0.095092 0.069713 0.580812
0.016597 0.000010 0.614958 0.368434
0.353062 0.117512 0.012667 0.516759
0.000010 0.000010 0.999970 0.000010
0.062273 0.502417 0.067374 0.367935
0.000010 0.000010 0.000010 0.999970
0.000010 0.652738 0.347242 0.000010
0.409482 0.000010 0.000010 0.590498
0.743557 0.030934 0.000010 0.225498
0.999970 0.000010 0.000010 0.000010
0.611164 0.025434 0.059324 0.304079
0.597736 0.045383 0.000010 0.356871
0.000010 0.182089 0.493119 0.324782
0.755082 0.000010 0.051540 0.193368
0.000010 0.142448 0.063415 0.794128
0.823418 0.097462 0.053486 0.025634
0.078986 0.168573 0.151006 0.601436
0.282466 0.018385 0.073012 0.626137
0.035925 0.000010 0.964055 0.000010
0.333735 0.285539 0.169119 0.211606
0.070316 0.231627 0.537578 0.160479
0.160806 0.184068 0.655116 0.000010
0.784682 0.075931 0.131980 0.007407
0.381260 0.000010 0.000010 0.618720
0.778674 0.049906 0.090827 0.080592
0.000010 0.027334 0.369669 0.602987
0.047772 0.324075 0.251777 0.376375
0.589051 0.003517 0.000010 0.407422
0.092681 0.041719 0.841761 0.023838
0.158600 0.190007 0.651383 0.000010
0.712541 0.034838 0.009637 0.242984
0.165142 0.061783 0.773065 0.000010
0.000010 0.607078 0.000010 0.392902
0.000010 0.999970 0.000010 0.000010
0.971276 0.028704 0.000010 0.000010
0.031851 0.106801 0.593221 0.268127
0.000010 0.000010 0.000010 0.999970
0.482061 0.075791 0.384545 0.057604
0.134466 0.064958 0.796792 0.003784
0.069229 0.180520 0.561568 0.188683
0.380194 0.619786 0.000010 0.000010
0.000010 0.382460 0.617520 0.000010
0.118683 0.116855 0.568394 0.196068
0.000010 0.000010 0.000010 0.999970
0.159311 0.183501 0.657177 0.000010
0.337956 0.056111 0.057230 0.548703
0.512466 0.398280 0.089244 0.000010
0.013383 0.833859 0.000010 0.152748
0.431220 0.127286 0.241826 0.199668
0.000010 0.389663 0.610317 0.000010
0.000010 0.074374 0.156241 0.769375
0.152879 0.208146 0.549246 0.089729
0.652647 0.235388 0.100139 0.011826
0.830877 0.000010 0.109712 0.059401
0.000010 0.599096 0.000010 0.400884
0.065403 0.094031 0.208421 0.632144
0.101045 0.222899 0.020128 0.655928
0.005123 0.227035 0.600056 0.167786
0.842993 0.103977 0.004664 0.048366
0.588848 0.168732 0.000010 0.242410
0.133552 0.756060 0.110377 0.000010
0.012827 0.627499 0.190827 0.168847
0.000010 0.528628 0.000010 0.471352
0.022204 0.025078 0.000010 0.952708
0.374962 0.000010 0.000010 0.625018
0.148577 0.081874 0.769539 0.000010
0.036838 0.000010 0.060270 0.902882
0.999970 0.000010 0.000010 0.000010
0.999970 0.000010 0.000010 0.000010
0.999970 0.000010 0.000010 0.000010
0.662046 0.061044 0.017643 0.259266
0.630594 0.369386 0.000010 0.000010
0.624623 0.375357 0.000010 0.000010
0.352861 0.647119 0.000010 0.000010
0.503290 0.046672 0.000010 0.450028
0.507731 0.000010 0.079980 0.412279
0.732149 0.049380 0.113561 0.104910
0.565395 0.013177 0.059966 0.361462
0.645179 0.000010 0.000010 0.354801
0.272228 0.287487 0.123729 0.316556
0.999970 0.000010 0.000010 0.000010
0.079373 0.000010 0.421428 0.499189
0.999970 0.000010 0.000010 0.000010
0.710665 0.093327 0.000010 0.195998
0.598890 0.068709 0.058393 0.274008
0.000010 0.000010 0.133409 0.866571
0.000010 0.117675 0.645650 0.236665
0.000010 0.082202 0.699504 0.218284
0.201130 0.257580 0.322471 0.218819
0.043888 0.686119 0.192837 0.077156
0.000010 0.999970 0.000010 0.000010
0.027141 0.126957 0.027998 0.817904
0.999970 0.000010 0.000010 0.000010
0.829158 0.055391 0.058058 0.057394
0.000010 0.000010 0.703944 0.296036
0.076345 0.081743 0.486963 0.354949
0.902630 0.027792 0.069568 0.000010
0.046301 0.312157 0.555392 0.086149
0.167436 0.206623 0.214541 0.411400
0.006925 0.308482 0.134900 0.549693
0.000010 0.035906 0.876508 0.087576
0.000010 0.000010 0.999970 0.000010
0.000010 0.000010 0.999970 0.000010
0.000010 0.000010 0.999970 0.000010
0.000010 0.000010 0.906974 0.093006
0.000010 0.000010 0.922019 0.077961
0.000010 0.000010 0.999970 0.000010
0.000010 0.005485 0.912746 0.081760
0.000010 0.000010 0.944684 0.055296
0.000010 0.000010 0.999970 0.000010
0.000010 0.018968 0.877539 0.103483
0.000010 0.000010 0.999970 0.000010
0.000010 0.000010 0.999970 0.000010
0.000010 0.000010 0.999970 0.000010
0.540986 0.000010 0.071137 0.387867
0.558239 0.000010 0.044585 0.397166
0.512146 0.000010 0.083007 0.404837
0.547965 0.000010 0.072969 0.379056
0.532008 0.000010 0.069761 0.398221
0.685304 0.000010 0.045699 0.268987
0.533130 0.000010 0.057362 0.409497
0.477510 0.000010 0.051529 0.470952
0.005826 0.068568 0.534722 0.390883
0.000010 0.999970 0.000010 0.000010
0.055068 0.076115 0.568860 0.299958
0.035195 0.372376 0.592419 0.000010
0.140105 0.200150 0.310585 0.349160
0.456269 0.104574 0.275075 0.164082
0.050491 0.260525 0.341388 0.347597
0.000010 0.621699 0.378281 0.000010
0.848327 0.075175 0.000010 0.076488
0.016016 0.107789 0.507480 0.368714
0.284163 0.217089 0.160722 0.338026
0.000010 0.749315 0.000010 0.250665
0.000010 0.999970 0.000010 0.000010
0.000010 0.154403 0.189622 0.655965
0.256469 0.343384 0.171159 0.228988
0.122306 0.258436 0.230076 0.389182
0.061881 0.213621 0.573244 0.151255
0.028092 0.107482 0.501158 0.363268
0.027342 0.109412 0.500836 0.362411
0.259832 0.084594 0.207634 0.447940
0.256570 0.141167 0.171503 0.430760
0.046611 0.000010 0.000010 0.953369
0.191443 0.216357 0.269517 0.322683
0.195419 0.446857 0.216149 0.141574
0.000010 0.100439 0.163687 0.735864
0.174002 0.319742 0.215931 0.290324
0.094925 0.126267 0.160641 0.618167
0.217753 0.264551 0.261459 0.256237
0.094660 0.265728 0.209192 0.430420
0.116881 0.036514 0.221564 0.625041
0.095186 0.229011 0.309973 0.365829
0.785320 0.089945 0.124724 0.000010
0.182398 0.424775 0.212339 0.180489
0.030067 0.325030 0.550249 0.094655
0.076463 0.054880 0.561189 0.307468
0.870814 0.059808 0.054191 0.015187
0.914550 0.016346 0.069094 0.000010
0.077069 0.130119 0.379296 0.413516
0.000010 0.999970 0.000010 0.000010
0.000010 0.080916 0.083750 0.835324
0.000010 0.000010 0.000010 0.999970
0.970430 0.000010 0.029550 0.000010
0.074006 0.112778 0.488158 0.325058
0.775558 0.097950 0.095539 0.030953
0.208158 0.250546 0.322472 0.218824
0.197984 0.137888 0.664118 0.000010
0.137476 0.061127 0.801386 0.000010
0.259333 0.236488 0.278831 0.225348
0.344304 0.426748 0.228938 0.000010
0.000010 0.187517 0.267335 0.545138
0.180691 0.243929 0.240358 0.335021
0.321506 0.248285 0.311017 0.119191
0.161114 0.103065 0.735811 0.000010
0.216567 0.282858 0.070359 0.430216
0.290316 0.319370 0.167926 0.222389
0.028137 0.161328 0.141317 0.669218
